"STATISTIC Label","Year","Age Group","Sex","UNIT","VALUE"
"Population Estimates (Persons in April)","1950","Under 1 year","Both sexes","Thousand","61.1"
"Population Estimates (Persons in April)","1950","Under 1 year","Male","Thousand","31.4"
"Population Estimates (Persons in April)","1950","Under 1 year","Female","Thousand","29.7"
"Population Estimates (Persons in April)","1950","0 - 4 years","Both sexes","Thousand",""
"Population Estimates (Persons in April)","1950","0 - 4 years","Male","Thousand",""
"Population Estimates (Persons in April)","1950","0 - 4 years","Female","Thousand",""
"Population Estimates (Persons in April)","1950","0 - 14 years","Both sexes","Thousand","851.2"
"Population Estimates (Persons in April)","1950","0 - 14 years","Male","Thousand","434.6"
"Population Estimates (Persons in April)","1950","0 - 14 years","Female","Thousand","416.6"
"Population Estimates (Persons in April)","1950","1 - 4 years","Both sexes","Thousand","249.1"
"Population Estimates (Persons in April)","1950","1 - 4 years","Male","Thousand","127.5"
"Population Estimates (Persons in April)","1950","1 - 4 years","Female","Thousand","121.6"
"Population Estimates (Persons in April)","1950","5 - 9 years","Both sexes","Thousand","278.9"
"Population Estimates (Persons in April)","1950","5 - 9 years","Male","Thousand","142.3"
"Population Estimates (Persons in April)","1950","5 - 9 years","Female","Thousand","136.6"
"Population Estimates (Persons in April)","1950","10 - 14 years","Both sexes","Thousand","262.1"
"Population Estimates (Persons in April)","1950","10 - 14 years","Male","Thousand","133.4"
"Population Estimates (Persons in April)","1950","10 - 14 years","Female","Thousand","128.7"
"Population Estimates (Persons in April)","1950","15 - 19 years","Both sexes","Thousand","244"
"Population Estimates (Persons in April)","1950","15 - 19 years","Male","Thousand","126.6"
"Population Estimates (Persons in April)","1950","15 - 19 years","Female","Thousand","117.4"
"Population Estimates (Persons in April)","1950","15 - 24 years","Both sexes","Thousand","452.6"
"Population Estimates (Persons in April)","1950","15 - 24 years","Male","Thousand","234.9"
"Population Estimates (Persons in April)","1950","15 - 24 years","Female","Thousand","217.7"
"Population Estimates (Persons in April)","1950","15 years and over","Both sexes","Thousand","2117.8"
"Population Estimates (Persons in April)","1950","15 years and over","Male","Thousand","1075.4"
"Population Estimates (Persons in April)","1950","15 years and over","Female","Thousand","1042.4"
"Population Estimates (Persons in April)","1950","20 - 24 years","Both sexes","Thousand","208.6"
"Population Estimates (Persons in April)","1950","20 - 24 years","Male","Thousand","108.3"
"Population Estimates (Persons in April)","1950","20 - 24 years","Female","Thousand","100.3"
"Population Estimates (Persons in April)","1950","25 - 29 years","Both sexes","Thousand","201.1"
"Population Estimates (Persons in April)","1950","25 - 29 years","Male","Thousand","100.9"
"Population Estimates (Persons in April)","1950","25 - 29 years","Female","Thousand","100.2"
"Population Estimates (Persons in April)","1950","25 - 44 years","Both sexes","Thousand","773.6"
"Population Estimates (Persons in April)","1950","25 - 44 years","Male","Thousand","393.4"
"Population Estimates (Persons in April)","1950","25 - 44 years","Female","Thousand","380.2"
"Population Estimates (Persons in April)","1950","30 - 34 years","Both sexes","Thousand","194.8"
"Population Estimates (Persons in April)","1950","30 - 34 years","Male","Thousand","98.3"
"Population Estimates (Persons in April)","1950","30 - 34 years","Female","Thousand","96.5"
"Population Estimates (Persons in April)","1950","35 - 39 years","Both sexes","Thousand","199.8"
"Population Estimates (Persons in April)","1950","35 - 39 years","Male","Thousand","101.8"
"Population Estimates (Persons in April)","1950","35 - 39 years","Female","Thousand","98"
"Population Estimates (Persons in April)","1950","40 - 44 years","Both sexes","Thousand","177.9"
"Population Estimates (Persons in April)","1950","40 - 44 years","Male","Thousand","92.4"
"Population Estimates (Persons in April)","1950","40 - 44 years","Female","Thousand","85.5"
"Population Estimates (Persons in April)","1950","45 - 49 years","Both sexes","Thousand","163.8"
"Population Estimates (Persons in April)","1950","45 - 49 years","Male","Thousand","83.6"
"Population Estimates (Persons in April)","1950","45 - 49 years","Female","Thousand","80.2"
"Population Estimates (Persons in April)","1950","45 - 64 years","Both sexes","Thousand","574.5"
"Population Estimates (Persons in April)","1950","45 - 64 years","Male","Thousand","291.3"
"Population Estimates (Persons in April)","1950","45 - 64 years","Female","Thousand","283.2"
"Population Estimates (Persons in April)","1950","50 - 54 years","Both sexes","Thousand","158.4"
"Population Estimates (Persons in April)","1950","50 - 54 years","Male","Thousand","80.6"
"Population Estimates (Persons in April)","1950","50 - 54 years","Female","Thousand","77.8"
"Population Estimates (Persons in April)","1950","55 - 59 years","Both sexes","Thousand","130.4"
"Population Estimates (Persons in April)","1950","55 - 59 years","Male","Thousand","65.8"
"Population Estimates (Persons in April)","1950","55 - 59 years","Female","Thousand","64.6"
"Population Estimates (Persons in April)","1950","60 - 64 years","Both sexes","Thousand","121.9"
"Population Estimates (Persons in April)","1950","60 - 64 years","Male","Thousand","61.3"
"Population Estimates (Persons in April)","1950","60 - 64 years","Female","Thousand","60.6"
"Population Estimates (Persons in April)","1950","65 - 69 years","Both sexes","Thousand","109.3"
"Population Estimates (Persons in April)","1950","65 - 69 years","Male","Thousand","55.2"
"Population Estimates (Persons in April)","1950","65 - 69 years","Female","Thousand","54.1"
"Population Estimates (Persons in April)","1950","65 years and over","Both sexes","Thousand","317.1"
"Population Estimates (Persons in April)","1950","65 years and over","Male","Thousand","155.8"
"Population Estimates (Persons in April)","1950","65 years and over","Female","Thousand","161.3"
"Population Estimates (Persons in April)","1950","70 - 74 years","Both sexes","Thousand","100.4"
"Population Estimates (Persons in April)","1950","70 - 74 years","Male","Thousand","49.5"
"Population Estimates (Persons in April)","1950","70 - 74 years","Female","Thousand","50.9"
"Population Estimates (Persons in April)","1950","75 - 79 years","Both sexes","Thousand","64"
"Population Estimates (Persons in April)","1950","75 - 79 years","Male","Thousand","31.4"
"Population Estimates (Persons in April)","1950","75 - 79 years","Female","Thousand","32.6"
"Population Estimates (Persons in April)","1950","80 - 84 years","Both sexes","Thousand","30.1"
"Population Estimates (Persons in April)","1950","80 - 84 years","Male","Thousand","14.2"
"Population Estimates (Persons in April)","1950","80 - 84 years","Female","Thousand","15.9"
"Population Estimates (Persons in April)","1950","85 years and over","Both sexes","Thousand","13.3"
"Population Estimates (Persons in April)","1950","85 years and over","Male","Thousand","5.5"
"Population Estimates (Persons in April)","1950","85 years and over","Female","Thousand","7.8"
"Population Estimates (Persons in April)","1950","All ages","Both sexes","Thousand","2969"
"Population Estimates (Persons in April)","1950","All ages","Male","Thousand","1510"
"Population Estimates (Persons in April)","1950","All ages","Female","Thousand","1459"
"Population Estimates (Persons in April)","1951","Under 1 year","Both sexes","Thousand","63.6"
"Population Estimates (Persons in April)","1951","Under 1 year","Male","Thousand","32.6"
"Population Estimates (Persons in April)","1951","Under 1 year","Female","Thousand","30.9"
"Population Estimates (Persons in April)","1951","0 - 4 years","Both sexes","Thousand","312.9"
"Population Estimates (Persons in April)","1951","0 - 4 years","Male","Thousand","160"
"Population Estimates (Persons in April)","1951","0 - 4 years","Female","Thousand","152.6"
"Population Estimates (Persons in April)","1951","0 - 14 years","Both sexes","Thousand","854.8"
"Population Estimates (Persons in April)","1951","0 - 14 years","Male","Thousand","436.4"
"Population Estimates (Persons in April)","1951","0 - 14 years","Female","Thousand","418.4"
"Population Estimates (Persons in April)","1951","1 - 4 years","Both sexes","Thousand","249.3"
"Population Estimates (Persons in April)","1951","1 - 4 years","Male","Thousand","127.6"
"Population Estimates (Persons in April)","1951","1 - 4 years","Female","Thousand","121.7"
"Population Estimates (Persons in April)","1951","5 - 9 years","Both sexes","Thousand","281"
"Population Estimates (Persons in April)","1951","5 - 9 years","Male","Thousand","143.5"
"Population Estimates (Persons in April)","1951","5 - 9 years","Female","Thousand","137.6"
"Population Estimates (Persons in April)","1951","10 - 14 years","Both sexes","Thousand","260.9"
"Population Estimates (Persons in April)","1951","10 - 14 years","Male","Thousand","132.7"
"Population Estimates (Persons in April)","1951","10 - 14 years","Female","Thousand","128.2"
"Population Estimates (Persons in April)","1951","15 - 19 years","Both sexes","Thousand","241.2"
"Population Estimates (Persons in April)","1951","15 - 19 years","Male","Thousand","125.7"
"Population Estimates (Persons in April)","1951","15 - 19 years","Female","Thousand","115.4"
"Population Estimates (Persons in April)","1951","15 - 24 years","Both sexes","Thousand","443.4"
"Population Estimates (Persons in April)","1951","15 - 24 years","Male","Thousand","231.1"
"Population Estimates (Persons in April)","1951","15 - 24 years","Female","Thousand","212.2"
"Population Estimates (Persons in April)","1951","15 years and over","Both sexes","Thousand","2105.8"
"Population Estimates (Persons in April)","1951","15 years and over","Male","Thousand","1070.2"
"Population Estimates (Persons in April)","1951","15 years and over","Female","Thousand","1035.6"
"Population Estimates (Persons in April)","1951","20 - 24 years","Both sexes","Thousand","202.2"
"Population Estimates (Persons in April)","1951","20 - 24 years","Male","Thousand","105.4"
"Population Estimates (Persons in April)","1951","20 - 24 years","Female","Thousand","96.8"
"Population Estimates (Persons in April)","1951","25 - 29 years","Both sexes","Thousand","198.4"
"Population Estimates (Persons in April)","1951","25 - 29 years","Male","Thousand","99.6"
"Population Estimates (Persons in April)","1951","25 - 29 years","Female","Thousand","98.8"
"Population Estimates (Persons in April)","1951","25 - 44 years","Both sexes","Thousand","771.2"
"Population Estimates (Persons in April)","1951","25 - 44 years","Male","Thousand","392.3"
"Population Estimates (Persons in April)","1951","25 - 44 years","Female","Thousand","378.9"
"Population Estimates (Persons in April)","1951","30 - 34 years","Both sexes","Thousand","191.6"
"Population Estimates (Persons in April)","1951","30 - 34 years","Male","Thousand","96.4"
"Population Estimates (Persons in April)","1951","30 - 34 years","Female","Thousand","95.1"
"Population Estimates (Persons in April)","1951","35 - 39 years","Both sexes","Thousand","200.9"
"Population Estimates (Persons in April)","1951","35 - 39 years","Male","Thousand","102.3"
"Population Estimates (Persons in April)","1951","35 - 39 years","Female","Thousand","98.6"
"Population Estimates (Persons in April)","1951","40 - 44 years","Both sexes","Thousand","180.3"
"Population Estimates (Persons in April)","1951","40 - 44 years","Male","Thousand","94"
"Population Estimates (Persons in April)","1951","40 - 44 years","Female","Thousand","86.3"
"Population Estimates (Persons in April)","1951","45 - 49 years","Both sexes","Thousand","160.9"
"Population Estimates (Persons in April)","1951","45 - 49 years","Male","Thousand","82.4"
"Population Estimates (Persons in April)","1951","45 - 49 years","Female","Thousand","78.5"
"Population Estimates (Persons in April)","1951","45 - 64 years","Both sexes","Thousand","574.8"
"Population Estimates (Persons in April)","1951","45 - 64 years","Male","Thousand","291.7"
"Population Estimates (Persons in April)","1951","45 - 64 years","Female","Thousand","283.1"
"Population Estimates (Persons in April)","1951","50 - 54 years","Both sexes","Thousand","163"
"Population Estimates (Persons in April)","1951","50 - 54 years","Male","Thousand","82.9"
"Population Estimates (Persons in April)","1951","50 - 54 years","Female","Thousand","80.1"
"Population Estimates (Persons in April)","1951","55 - 59 years","Both sexes","Thousand","128.8"
"Population Estimates (Persons in April)","1951","55 - 59 years","Male","Thousand","65"
"Population Estimates (Persons in April)","1951","55 - 59 years","Female","Thousand","63.8"
"Population Estimates (Persons in April)","1951","60 - 64 years","Both sexes","Thousand","122.1"
"Population Estimates (Persons in April)","1951","60 - 64 years","Male","Thousand","61.3"
"Population Estimates (Persons in April)","1951","60 - 64 years","Female","Thousand","60.7"
"Population Estimates (Persons in April)","1951","65 - 69 years","Both sexes","Thousand","107.5"
"Population Estimates (Persons in April)","1951","65 - 69 years","Male","Thousand","54.1"
"Population Estimates (Persons in April)","1951","65 - 69 years","Female","Thousand","53.4"
"Population Estimates (Persons in April)","1951","65 years and over","Both sexes","Thousand","316.4"
"Population Estimates (Persons in April)","1951","65 years and over","Male","Thousand","155"
"Population Estimates (Persons in April)","1951","65 years and over","Female","Thousand","161.4"
"Population Estimates (Persons in April)","1951","70 - 74 years","Both sexes","Thousand","100.1"
"Population Estimates (Persons in April)","1951","70 - 74 years","Male","Thousand","49.1"
"Population Estimates (Persons in April)","1951","70 - 74 years","Female","Thousand","51"
"Population Estimates (Persons in April)","1951","75 - 79 years","Both sexes","Thousand","64.6"
"Population Estimates (Persons in April)","1951","75 - 79 years","Male","Thousand","31.6"
"Population Estimates (Persons in April)","1951","75 - 79 years","Female","Thousand","32.9"
"Population Estimates (Persons in April)","1951","80 - 84 years","Both sexes","Thousand","30.9"
"Population Estimates (Persons in April)","1951","80 - 84 years","Male","Thousand","14.6"
"Population Estimates (Persons in April)","1951","80 - 84 years","Female","Thousand","16.2"
"Population Estimates (Persons in April)","1951","85 years and over","Both sexes","Thousand","13.3"
"Population Estimates (Persons in April)","1951","85 years and over","Male","Thousand","5.5"
"Population Estimates (Persons in April)","1951","85 years and over","Female","Thousand","7.8"
"Population Estimates (Persons in April)","1951","All ages","Both sexes","Thousand","2960.6"
"Population Estimates (Persons in April)","1951","All ages","Male","Thousand","1506.6"
"Population Estimates (Persons in April)","1951","All ages","Female","Thousand","1454"
"Population Estimates (Persons in April)","1952","Under 1 year","Both sexes","Thousand","61.9"
"Population Estimates (Persons in April)","1952","Under 1 year","Male","Thousand","31.5"
"Population Estimates (Persons in April)","1952","Under 1 year","Female","Thousand","30.4"
"Population Estimates (Persons in April)","1952","0 - 4 years","Both sexes","Thousand",""
"Population Estimates (Persons in April)","1952","0 - 4 years","Male","Thousand",""
"Population Estimates (Persons in April)","1952","0 - 4 years","Female","Thousand",""
"Population Estimates (Persons in April)","1952","0 - 14 years","Both sexes","Thousand","859.6"
"Population Estimates (Persons in April)","1952","0 - 14 years","Male","Thousand","438.8"
"Population Estimates (Persons in April)","1952","0 - 14 years","Female","Thousand","420.8"
"Population Estimates (Persons in April)","1952","1 - 4 years","Both sexes","Thousand","248.4"
"Population Estimates (Persons in April)","1952","1 - 4 years","Male","Thousand","127.2"
"Population Estimates (Persons in April)","1952","1 - 4 years","Female","Thousand","121.2"
"Population Estimates (Persons in April)","1952","5 - 9 years","Both sexes","Thousand","284.7"
"Population Estimates (Persons in April)","1952","5 - 9 years","Male","Thousand","145.5"
"Population Estimates (Persons in April)","1952","5 - 9 years","Female","Thousand","139.2"
"Population Estimates (Persons in April)","1952","10 - 14 years","Both sexes","Thousand","264.6"
"Population Estimates (Persons in April)","1952","10 - 14 years","Male","Thousand","134.6"
"Population Estimates (Persons in April)","1952","10 - 14 years","Female","Thousand","130"
"Population Estimates (Persons in April)","1952","15 - 19 years","Both sexes","Thousand","239.7"
"Population Estimates (Persons in April)","1952","15 - 19 years","Male","Thousand","125"
"Population Estimates (Persons in April)","1952","15 - 19 years","Female","Thousand","114.7"
"Population Estimates (Persons in April)","1952","15 - 24 years","Both sexes","Thousand","437.5"
"Population Estimates (Persons in April)","1952","15 - 24 years","Male","Thousand","227.8"
"Population Estimates (Persons in April)","1952","15 - 24 years","Female","Thousand","209.7"
"Population Estimates (Persons in April)","1952","15 years and over","Both sexes","Thousand","2093.3"
"Population Estimates (Persons in April)","1952","15 years and over","Male","Thousand","1062.1"
"Population Estimates (Persons in April)","1952","15 years and over","Female","Thousand","1031.2"
"Population Estimates (Persons in April)","1952","20 - 24 years","Both sexes","Thousand","197.8"
"Population Estimates (Persons in April)","1952","20 - 24 years","Male","Thousand","102.8"
"Population Estimates (Persons in April)","1952","20 - 24 years","Female","Thousand","95"
"Population Estimates (Persons in April)","1952","25 - 29 years","Both sexes","Thousand","192.9"
"Population Estimates (Persons in April)","1952","25 - 29 years","Male","Thousand","96.6"
"Population Estimates (Persons in April)","1952","25 - 29 years","Female","Thousand","96.3"
"Population Estimates (Persons in April)","1952","25 - 44 years","Both sexes","Thousand","760.3"
"Population Estimates (Persons in April)","1952","25 - 44 years","Male","Thousand","385.2"
"Population Estimates (Persons in April)","1952","25 - 44 years","Female","Thousand","375.1"
"Population Estimates (Persons in April)","1952","30 - 34 years","Both sexes","Thousand","188.6"
"Population Estimates (Persons in April)","1952","30 - 34 years","Male","Thousand","94.6"
"Population Estimates (Persons in April)","1952","30 - 34 years","Female","Thousand","94"
"Population Estimates (Persons in April)","1952","35 - 39 years","Both sexes","Thousand","197.3"
"Population Estimates (Persons in April)","1952","35 - 39 years","Male","Thousand","99.8"
"Population Estimates (Persons in April)","1952","35 - 39 years","Female","Thousand","97.5"
"Population Estimates (Persons in April)","1952","40 - 44 years","Both sexes","Thousand","181.5"
"Population Estimates (Persons in April)","1952","40 - 44 years","Male","Thousand","94.2"
"Population Estimates (Persons in April)","1952","40 - 44 years","Female","Thousand","87.3"
"Population Estimates (Persons in April)","1952","45 - 49 years","Both sexes","Thousand","163.6"
"Population Estimates (Persons in April)","1952","45 - 49 years","Male","Thousand","83.9"
"Population Estimates (Persons in April)","1952","45 - 49 years","Female","Thousand","79.7"
"Population Estimates (Persons in April)","1952","45 - 64 years","Both sexes","Thousand","578.6"
"Population Estimates (Persons in April)","1952","45 - 64 years","Male","Thousand","293.8"
"Population Estimates (Persons in April)","1952","45 - 64 years","Female","Thousand","284.8"
"Population Estimates (Persons in April)","1952","50 - 54 years","Both sexes","Thousand","160"
"Population Estimates (Persons in April)","1952","50 - 54 years","Male","Thousand","81.6"
"Population Estimates (Persons in April)","1952","50 - 54 years","Female","Thousand","78.4"
"Population Estimates (Persons in April)","1952","55 - 59 years","Both sexes","Thousand","133.8"
"Population Estimates (Persons in April)","1952","55 - 59 years","Male","Thousand","67.6"
"Population Estimates (Persons in April)","1952","55 - 59 years","Female","Thousand","66.2"
"Population Estimates (Persons in April)","1952","60 - 64 years","Both sexes","Thousand","121.2"
"Population Estimates (Persons in April)","1952","60 - 64 years","Male","Thousand","60.7"
"Population Estimates (Persons in April)","1952","60 - 64 years","Female","Thousand","60.5"
"Population Estimates (Persons in April)","1952","65 - 69 years","Both sexes","Thousand","107.9"
"Population Estimates (Persons in April)","1952","65 - 69 years","Male","Thousand","54.4"
"Population Estimates (Persons in April)","1952","65 - 69 years","Female","Thousand","53.5"
"Population Estimates (Persons in April)","1952","65 years and over","Both sexes","Thousand","316.9"
"Population Estimates (Persons in April)","1952","65 years and over","Male","Thousand","155.3"
"Population Estimates (Persons in April)","1952","65 years and over","Female","Thousand","161.6"
"Population Estimates (Persons in April)","1952","70 - 74 years","Both sexes","Thousand","98.8"
"Population Estimates (Persons in April)","1952","70 - 74 years","Male","Thousand","48.4"
"Population Estimates (Persons in April)","1952","70 - 74 years","Female","Thousand","50.4"
"Population Estimates (Persons in April)","1952","75 - 79 years","Both sexes","Thousand","64.9"
"Population Estimates (Persons in April)","1952","75 - 79 years","Male","Thousand","31.8"
"Population Estimates (Persons in April)","1952","75 - 79 years","Female","Thousand","33.1"
"Population Estimates (Persons in April)","1952","80 - 84 years","Both sexes","Thousand","31.3"
"Population Estimates (Persons in April)","1952","80 - 84 years","Male","Thousand","14.8"
"Population Estimates (Persons in April)","1952","80 - 84 years","Female","Thousand","16.5"
"Population Estimates (Persons in April)","1952","85 years and over","Both sexes","Thousand","14"
"Population Estimates (Persons in April)","1952","85 years and over","Male","Thousand","5.9"
"Population Estimates (Persons in April)","1952","85 years and over","Female","Thousand","8.1"
"Population Estimates (Persons in April)","1952","All ages","Both sexes","Thousand","2952.9"
"Population Estimates (Persons in April)","1952","All ages","Male","Thousand","1500.9"
"Population Estimates (Persons in April)","1952","All ages","Female","Thousand","1452"
"Population Estimates (Persons in April)","1953","Under 1 year","Both sexes","Thousand","60.1"
"Population Estimates (Persons in April)","1953","Under 1 year","Male","Thousand","30.8"
"Population Estimates (Persons in April)","1953","Under 1 year","Female","Thousand","29.3"
"Population Estimates (Persons in April)","1953","0 - 4 years","Both sexes","Thousand",""
"Population Estimates (Persons in April)","1953","0 - 4 years","Male","Thousand",""
"Population Estimates (Persons in April)","1953","0 - 4 years","Female","Thousand",""
"Population Estimates (Persons in April)","1953","0 - 14 years","Both sexes","Thousand","865.3"
"Population Estimates (Persons in April)","1953","0 - 14 years","Male","Thousand","441.9"
"Population Estimates (Persons in April)","1953","0 - 14 years","Female","Thousand","423.4"
"Population Estimates (Persons in April)","1953","1 - 4 years","Both sexes","Thousand","248.1"
"Population Estimates (Persons in April)","1953","1 - 4 years","Male","Thousand","126.7"
"Population Estimates (Persons in April)","1953","1 - 4 years","Female","Thousand","121.4"
"Population Estimates (Persons in April)","1953","5 - 9 years","Both sexes","Thousand","288.5"
"Population Estimates (Persons in April)","1953","5 - 9 years","Male","Thousand","147.7"
"Population Estimates (Persons in April)","1953","5 - 9 years","Female","Thousand","140.8"
"Population Estimates (Persons in April)","1953","10 - 14 years","Both sexes","Thousand","268.6"
"Population Estimates (Persons in April)","1953","10 - 14 years","Male","Thousand","136.7"
"Population Estimates (Persons in April)","1953","10 - 14 years","Female","Thousand","131.9"
"Population Estimates (Persons in April)","1953","15 - 19 years","Both sexes","Thousand","238.6"
"Population Estimates (Persons in April)","1953","15 - 19 years","Male","Thousand","124.5"
"Population Estimates (Persons in April)","1953","15 - 19 years","Female","Thousand","114.1"
"Population Estimates (Persons in April)","1953","15 - 24 years","Both sexes","Thousand","432.3"
"Population Estimates (Persons in April)","1953","15 - 24 years","Male","Thousand","224.9"
"Population Estimates (Persons in April)","1953","15 - 24 years","Female","Thousand","207.4"
"Population Estimates (Persons in April)","1953","15 years and over","Both sexes","Thousand","2083.7"
"Population Estimates (Persons in April)","1953","15 years and over","Male","Thousand","1056"
"Population Estimates (Persons in April)","1953","15 years and over","Female","Thousand","1027.7"
"Population Estimates (Persons in April)","1953","20 - 24 years","Both sexes","Thousand","193.7"
"Population Estimates (Persons in April)","1953","20 - 24 years","Male","Thousand","100.4"
"Population Estimates (Persons in April)","1953","20 - 24 years","Female","Thousand","93.3"
"Population Estimates (Persons in April)","1953","25 - 29 years","Both sexes","Thousand","187.7"
"Population Estimates (Persons in April)","1953","25 - 29 years","Male","Thousand","93.8"
"Population Estimates (Persons in April)","1953","25 - 29 years","Female","Thousand","93.9"
"Population Estimates (Persons in April)","1953","25 - 44 years","Both sexes","Thousand","750.6"
"Population Estimates (Persons in April)","1953","25 - 44 years","Male","Thousand","378.8"
"Population Estimates (Persons in April)","1953","25 - 44 years","Female","Thousand","371.8"
"Population Estimates (Persons in April)","1953","30 - 34 years","Both sexes","Thousand","185.8"
"Population Estimates (Persons in April)","1953","30 - 34 years","Male","Thousand","92.9"
"Population Estimates (Persons in April)","1953","30 - 34 years","Female","Thousand","92.9"
"Population Estimates (Persons in April)","1953","35 - 39 years","Both sexes","Thousand","194.1"
"Population Estimates (Persons in April)","1953","35 - 39 years","Male","Thousand","97.5"
"Population Estimates (Persons in April)","1953","35 - 39 years","Female","Thousand","96.6"
"Population Estimates (Persons in April)","1953","40 - 44 years","Both sexes","Thousand","183"
"Population Estimates (Persons in April)","1953","40 - 44 years","Male","Thousand","94.6"
"Population Estimates (Persons in April)","1953","40 - 44 years","Female","Thousand","88.4"
"Population Estimates (Persons in April)","1953","45 - 49 years","Both sexes","Thousand","166.4"
"Population Estimates (Persons in April)","1953","45 - 49 years","Male","Thousand","85.5"
"Population Estimates (Persons in April)","1953","45 - 49 years","Female","Thousand","80.9"
"Population Estimates (Persons in April)","1953","45 - 64 years","Both sexes","Thousand","583"
"Population Estimates (Persons in April)","1953","45 - 64 years","Male","Thousand","296.4"
"Population Estimates (Persons in April)","1953","45 - 64 years","Female","Thousand","286.6"
"Population Estimates (Persons in April)","1953","50 - 54 years","Both sexes","Thousand","157.3"
"Population Estimates (Persons in April)","1953","50 - 54 years","Male","Thousand","80.5"
"Population Estimates (Persons in April)","1953","50 - 54 years","Female","Thousand","76.8"
"Population Estimates (Persons in April)","1953","55 - 59 years","Both sexes","Thousand","138.8"
"Population Estimates (Persons in April)","1953","55 - 59 years","Male","Thousand","70.2"
"Population Estimates (Persons in April)","1953","55 - 59 years","Female","Thousand","68.6"
"Population Estimates (Persons in April)","1953","60 - 64 years","Both sexes","Thousand","120.5"
"Population Estimates (Persons in April)","1953","60 - 64 years","Male","Thousand","60.2"
"Population Estimates (Persons in April)","1953","60 - 64 years","Female","Thousand","60.3"
"Population Estimates (Persons in April)","1953","65 - 69 years","Both sexes","Thousand","108.6"
"Population Estimates (Persons in April)","1953","65 - 69 years","Male","Thousand","54.9"
"Population Estimates (Persons in April)","1953","65 - 69 years","Female","Thousand","53.7"
"Population Estimates (Persons in April)","1953","65 years and over","Both sexes","Thousand","317.8"
"Population Estimates (Persons in April)","1953","65 years and over","Male","Thousand","155.9"
"Population Estimates (Persons in April)","1953","65 years and over","Female","Thousand","161.9"
"Population Estimates (Persons in April)","1953","70 - 74 years","Both sexes","Thousand","97.7"
"Population Estimates (Persons in April)","1953","70 - 74 years","Male","Thousand","47.8"
"Population Estimates (Persons in April)","1953","70 - 74 years","Female","Thousand","49.9"
"Population Estimates (Persons in April)","1953","75 - 79 years","Both sexes","Thousand","65.4"
"Population Estimates (Persons in April)","1953","75 - 79 years","Male","Thousand","32.1"
"Population Estimates (Persons in April)","1953","75 - 79 years","Female","Thousand","33.3"
"Population Estimates (Persons in April)","1953","80 - 84 years","Both sexes","Thousand","31.6"
"Population Estimates (Persons in April)","1953","80 - 84 years","Male","Thousand","14.9"
"Population Estimates (Persons in April)","1953","80 - 84 years","Female","Thousand","16.7"
"Population Estimates (Persons in April)","1953","85 years and over","Both sexes","Thousand","14.5"
"Population Estimates (Persons in April)","1953","85 years and over","Male","Thousand","6.2"
"Population Estimates (Persons in April)","1953","85 years and over","Female","Thousand","8.3"
"Population Estimates (Persons in April)","1953","All ages","Both sexes","Thousand","2949"
"Population Estimates (Persons in April)","1953","All ages","Male","Thousand","1497.9"
"Population Estimates (Persons in April)","1953","All ages","Female","Thousand","1451.1"
"Population Estimates (Persons in April)","1954","Under 1 year","Both sexes","Thousand","60.1"
"Population Estimates (Persons in April)","1954","Under 1 year","Male","Thousand","30.6"
"Population Estimates (Persons in April)","1954","Under 1 year","Female","Thousand","29.5"
"Population Estimates (Persons in April)","1954","0 - 4 years","Both sexes","Thousand",""
"Population Estimates (Persons in April)","1954","0 - 4 years","Male","Thousand",""
"Population Estimates (Persons in April)","1954","0 - 4 years","Female","Thousand",""
"Population Estimates (Persons in April)","1954","0 - 14 years","Both sexes","Thousand","870"
"Population Estimates (Persons in April)","1954","0 - 14 years","Male","Thousand","444.4"
"Population Estimates (Persons in April)","1954","0 - 14 years","Female","Thousand","425.6"
"Population Estimates (Persons in April)","1954","1 - 4 years","Both sexes","Thousand","245.8"
"Population Estimates (Persons in April)","1954","1 - 4 years","Male","Thousand","125.6"
"Population Estimates (Persons in April)","1954","1 - 4 years","Female","Thousand","120.2"
"Population Estimates (Persons in April)","1954","5 - 9 years","Both sexes","Thousand","292"
"Population Estimates (Persons in April)","1954","5 - 9 years","Male","Thousand","149.7"
"Population Estimates (Persons in April)","1954","5 - 9 years","Female","Thousand","142.3"
"Population Estimates (Persons in April)","1954","10 - 14 years","Both sexes","Thousand","272.1"
"Population Estimates (Persons in April)","1954","10 - 14 years","Male","Thousand","138.5"
"Population Estimates (Persons in April)","1954","10 - 14 years","Female","Thousand","133.6"
"Population Estimates (Persons in April)","1954","15 - 19 years","Both sexes","Thousand","237.1"
"Population Estimates (Persons in April)","1954","15 - 19 years","Male","Thousand","123.8"
"Population Estimates (Persons in April)","1954","15 - 19 years","Female","Thousand","113.3"
"Population Estimates (Persons in April)","1954","15 - 24 years","Both sexes","Thousand","426.5"
"Population Estimates (Persons in April)","1954","15 - 24 years","Male","Thousand","221.7"
"Population Estimates (Persons in April)","1954","15 - 24 years","Female","Thousand","204.8"
"Population Estimates (Persons in April)","1954","15 years and over","Both sexes","Thousand","2071.2"
"Population Estimates (Persons in April)","1954","15 years and over","Male","Thousand","1048.6"
"Population Estimates (Persons in April)","1954","15 years and over","Female","Thousand","1022.6"
"Population Estimates (Persons in April)","1954","20 - 24 years","Both sexes","Thousand","189.4"
"Population Estimates (Persons in April)","1954","20 - 24 years","Male","Thousand","97.9"
"Population Estimates (Persons in April)","1954","20 - 24 years","Female","Thousand","91.5"
"Population Estimates (Persons in April)","1954","25 - 29 years","Both sexes","Thousand","182.2"
"Population Estimates (Persons in April)","1954","25 - 29 years","Male","Thousand","90.9"
"Population Estimates (Persons in April)","1954","25 - 29 years","Female","Thousand","91.3"
"Population Estimates (Persons in April)","1954","25 - 44 years","Both sexes","Thousand","739.7"
"Population Estimates (Persons in April)","1954","25 - 44 years","Male","Thousand","371.9"
"Population Estimates (Persons in April)","1954","25 - 44 years","Female","Thousand","367.8"
"Population Estimates (Persons in April)","1954","30 - 34 years","Both sexes","Thousand","182.8"
"Population Estimates (Persons in April)","1954","30 - 34 years","Male","Thousand","91.1"
"Population Estimates (Persons in April)","1954","30 - 34 years","Female","Thousand","91.7"
"Population Estimates (Persons in April)","1954","35 - 39 years","Both sexes","Thousand","190.6"
"Population Estimates (Persons in April)","1954","35 - 39 years","Male","Thousand","95.1"
"Population Estimates (Persons in April)","1954","35 - 39 years","Female","Thousand","95.5"
"Population Estimates (Persons in April)","1954","40 - 44 years","Both sexes","Thousand","184.1"
"Population Estimates (Persons in April)","1954","40 - 44 years","Male","Thousand","94.8"
"Population Estimates (Persons in April)","1954","40 - 44 years","Female","Thousand","89.3"
"Population Estimates (Persons in April)","1954","45 - 49 years","Both sexes","Thousand","169"
"Population Estimates (Persons in April)","1954","45 - 49 years","Male","Thousand","87"
"Population Estimates (Persons in April)","1954","45 - 49 years","Female","Thousand","82"
"Population Estimates (Persons in April)","1954","45 - 64 years","Both sexes","Thousand","586.7"
"Population Estimates (Persons in April)","1954","45 - 64 years","Male","Thousand","298.7"
"Population Estimates (Persons in April)","1954","45 - 64 years","Female","Thousand","288"
"Population Estimates (Persons in April)","1954","50 - 54 years","Both sexes","Thousand","154.4"
"Population Estimates (Persons in April)","1954","50 - 54 years","Male","Thousand","79.3"
"Population Estimates (Persons in April)","1954","50 - 54 years","Female","Thousand","75.1"
"Population Estimates (Persons in April)","1954","55 - 59 years","Both sexes","Thousand","143.6"
"Population Estimates (Persons in April)","1954","55 - 59 years","Male","Thousand","72.7"
"Population Estimates (Persons in April)","1954","55 - 59 years","Female","Thousand","70.9"
"Population Estimates (Persons in April)","1954","60 - 64 years","Both sexes","Thousand","119.7"
"Population Estimates (Persons in April)","1954","60 - 64 years","Male","Thousand","59.7"
"Population Estimates (Persons in April)","1954","60 - 64 years","Female","Thousand","60"
"Population Estimates (Persons in April)","1954","65 - 69 years","Both sexes","Thousand","109"
"Population Estimates (Persons in April)","1954","65 - 69 years","Male","Thousand","55.2"
"Population Estimates (Persons in April)","1954","65 - 69 years","Female","Thousand","53.8"
"Population Estimates (Persons in April)","1954","65 years and over","Both sexes","Thousand","318.3"
"Population Estimates (Persons in April)","1954","65 years and over","Male","Thousand","156.3"
"Population Estimates (Persons in April)","1954","65 years and over","Female","Thousand","162"
"Population Estimates (Persons in April)","1954","70 - 74 years","Both sexes","Thousand","96.3"
"Population Estimates (Persons in April)","1954","70 - 74 years","Male","Thousand","47.1"
"Population Estimates (Persons in April)","1954","70 - 74 years","Female","Thousand","49.2"
"Population Estimates (Persons in April)","1954","75 - 79 years","Both sexes","Thousand","65.8"
"Population Estimates (Persons in April)","1954","75 - 79 years","Male","Thousand","32.3"
"Population Estimates (Persons in April)","1954","75 - 79 years","Female","Thousand","33.5"
"Population Estimates (Persons in April)","1954","80 - 84 years","Both sexes","Thousand","32.1"
"Population Estimates (Persons in April)","1954","80 - 84 years","Male","Thousand","15.1"
"Population Estimates (Persons in April)","1954","80 - 84 years","Female","Thousand","17"
"Population Estimates (Persons in April)","1954","85 years and over","Both sexes","Thousand","15.1"
"Population Estimates (Persons in April)","1954","85 years and over","Male","Thousand","6.6"
"Population Estimates (Persons in April)","1954","85 years and over","Female","Thousand","8.5"
"Population Estimates (Persons in April)","1954","All ages","Both sexes","Thousand","2941.2"
"Population Estimates (Persons in April)","1954","All ages","Male","Thousand","1493"
"Population Estimates (Persons in April)","1954","All ages","Female","Thousand","1448.2"
"Population Estimates (Persons in April)","1955","Under 1 year","Both sexes","Thousand","59.3"
"Population Estimates (Persons in April)","1955","Under 1 year","Male","Thousand","30.1"
"Population Estimates (Persons in April)","1955","Under 1 year","Female","Thousand","29.2"
"Population Estimates (Persons in April)","1955","0 - 4 years","Both sexes","Thousand",""
"Population Estimates (Persons in April)","1955","0 - 4 years","Male","Thousand",""
"Population Estimates (Persons in April)","1955","0 - 4 years","Female","Thousand",""
"Population Estimates (Persons in April)","1955","0 - 14 years","Both sexes","Thousand","871"
"Population Estimates (Persons in April)","1955","0 - 14 years","Male","Thousand","444.2"
"Population Estimates (Persons in April)","1955","0 - 14 years","Female","Thousand","426.8"
"Population Estimates (Persons in April)","1955","1 - 4 years","Both sexes","Thousand","242.8"
"Population Estimates (Persons in April)","1955","1 - 4 years","Male","Thousand","123.7"
"Population Estimates (Persons in April)","1955","1 - 4 years","Female","Thousand","119.1"
"Population Estimates (Persons in April)","1955","5 - 9 years","Both sexes","Thousand","294.3"
"Population Estimates (Persons in April)","1955","5 - 9 years","Male","Thousand","150.8"
"Population Estimates (Persons in April)","1955","5 - 9 years","Female","Thousand","143.5"
"Population Estimates (Persons in April)","1955","10 - 14 years","Both sexes","Thousand","274.6"
"Population Estimates (Persons in April)","1955","10 - 14 years","Male","Thousand","139.6"
"Population Estimates (Persons in April)","1955","10 - 14 years","Female","Thousand","135"
"Population Estimates (Persons in April)","1955","15 - 19 years","Both sexes","Thousand","234.7"
"Population Estimates (Persons in April)","1955","15 - 19 years","Male","Thousand","122.4"
"Population Estimates (Persons in April)","1955","15 - 19 years","Female","Thousand","112.3"
"Population Estimates (Persons in April)","1955","15 - 24 years","Both sexes","Thousand","419"
"Population Estimates (Persons in April)","1955","15 - 24 years","Male","Thousand","217.2"
"Population Estimates (Persons in April)","1955","15 - 24 years","Female","Thousand","201.8"
"Population Estimates (Persons in April)","1955","15 years and over","Both sexes","Thousand","2049.9"
"Population Estimates (Persons in April)","1955","15 years and over","Male","Thousand","1034.9"
"Population Estimates (Persons in April)","1955","15 years and over","Female","Thousand","1015"
"Population Estimates (Persons in April)","1955","20 - 24 years","Both sexes","Thousand","184.3"
"Population Estimates (Persons in April)","1955","20 - 24 years","Male","Thousand","94.8"
"Population Estimates (Persons in April)","1955","20 - 24 years","Female","Thousand","89.5"
"Population Estimates (Persons in April)","1955","25 - 29 years","Both sexes","Thousand","176.1"
"Population Estimates (Persons in April)","1955","25 - 29 years","Male","Thousand","87.5"
"Population Estimates (Persons in April)","1955","25 - 29 years","Female","Thousand","88.6"
"Population Estimates (Persons in April)","1955","25 - 44 years","Both sexes","Thousand","725.8"
"Population Estimates (Persons in April)","1955","25 - 44 years","Male","Thousand","362.8"
"Population Estimates (Persons in April)","1955","25 - 44 years","Female","Thousand","363"
"Population Estimates (Persons in April)","1955","30 - 34 years","Both sexes","Thousand","179"
"Population Estimates (Persons in April)","1955","30 - 34 years","Male","Thousand","88.7"
"Population Estimates (Persons in April)","1955","30 - 34 years","Female","Thousand","90.3"
"Population Estimates (Persons in April)","1955","35 - 39 years","Both sexes","Thousand","186.2"
"Population Estimates (Persons in April)","1955","35 - 39 years","Male","Thousand","92.1"
"Population Estimates (Persons in April)","1955","35 - 39 years","Female","Thousand","94.1"
"Population Estimates (Persons in April)","1955","40 - 44 years","Both sexes","Thousand","184.5"
"Population Estimates (Persons in April)","1955","40 - 44 years","Male","Thousand","94.5"
"Population Estimates (Persons in April)","1955","40 - 44 years","Female","Thousand","90"
"Population Estimates (Persons in April)","1955","45 - 49 years","Both sexes","Thousand","170.3"
"Population Estimates (Persons in April)","1955","45 - 49 years","Male","Thousand","87.9"
"Population Estimates (Persons in April)","1955","45 - 49 years","Female","Thousand","82.4"
"Population Estimates (Persons in April)","1955","45 - 64 years","Both sexes","Thousand","587.4"
"Population Estimates (Persons in April)","1955","45 - 64 years","Male","Thousand","299.1"
"Population Estimates (Persons in April)","1955","45 - 64 years","Female","Thousand","288.3"
"Population Estimates (Persons in April)","1955","50 - 54 years","Both sexes","Thousand","150.9"
"Population Estimates (Persons in April)","1955","50 - 54 years","Male","Thousand","77.6"
"Population Estimates (Persons in April)","1955","50 - 54 years","Female","Thousand","73.3"
"Population Estimates (Persons in April)","1955","55 - 59 years","Both sexes","Thousand","147.8"
"Population Estimates (Persons in April)","1955","55 - 59 years","Male","Thousand","74.8"
"Population Estimates (Persons in April)","1955","55 - 59 years","Female","Thousand","73"
"Population Estimates (Persons in April)","1955","60 - 64 years","Both sexes","Thousand","118.4"
"Population Estimates (Persons in April)","1955","60 - 64 years","Male","Thousand","58.8"
"Population Estimates (Persons in April)","1955","60 - 64 years","Female","Thousand","59.6"
"Population Estimates (Persons in April)","1955","65 - 69 years","Both sexes","Thousand","109"
"Population Estimates (Persons in April)","1955","65 - 69 years","Male","Thousand","55.2"
"Population Estimates (Persons in April)","1955","65 - 69 years","Female","Thousand","53.8"
"Population Estimates (Persons in April)","1955","65 years and over","Both sexes","Thousand","317.7"
"Population Estimates (Persons in April)","1955","65 years and over","Male","Thousand","155.8"
"Population Estimates (Persons in April)","1955","65 years and over","Female","Thousand","161.9"
"Population Estimates (Persons in April)","1955","70 - 74 years","Both sexes","Thousand","94.7"
"Population Estimates (Persons in April)","1955","70 - 74 years","Male","Thousand","46.2"
"Population Estimates (Persons in April)","1955","70 - 74 years","Female","Thousand","48.5"
"Population Estimates (Persons in April)","1955","75 - 79 years","Both sexes","Thousand","65.9"
"Population Estimates (Persons in April)","1955","75 - 79 years","Male","Thousand","32.3"
"Population Estimates (Persons in April)","1955","75 - 79 years","Female","Thousand","33.6"
"Population Estimates (Persons in April)","1955","80 - 84 years","Both sexes","Thousand","32.4"
"Population Estimates (Persons in April)","1955","80 - 84 years","Male","Thousand","15.2"
"Population Estimates (Persons in April)","1955","80 - 84 years","Female","Thousand","17.2"
"Population Estimates (Persons in April)","1955","85 years and over","Both sexes","Thousand","15.7"
"Population Estimates (Persons in April)","1955","85 years and over","Male","Thousand","6.9"
"Population Estimates (Persons in April)","1955","85 years and over","Female","Thousand","8.8"
"Population Estimates (Persons in April)","1955","All ages","Both sexes","Thousand","2920.9"
"Population Estimates (Persons in April)","1955","All ages","Male","Thousand","1479.1"
"Population Estimates (Persons in April)","1955","All ages","Female","Thousand","1441.8"
"Population Estimates (Persons in April)","1956","Under 1 year","Both sexes","Thousand","58.9"
"Population Estimates (Persons in April)","1956","Under 1 year","Male","Thousand","30.2"
"Population Estimates (Persons in April)","1956","Under 1 year","Female","Thousand","28.7"
"Population Estimates (Persons in April)","1956","0 - 4 years","Both sexes","Thousand",""
"Population Estimates (Persons in April)","1956","0 - 4 years","Male","Thousand",""
"Population Estimates (Persons in April)","1956","0 - 4 years","Female","Thousand",""
"Population Estimates (Persons in April)","1956","0 - 14 years","Both sexes","Thousand","870.8"
"Population Estimates (Persons in April)","1956","0 - 14 years","Male","Thousand","443.2"
"Population Estimates (Persons in April)","1956","0 - 14 years","Female","Thousand","427.6"
"Population Estimates (Persons in April)","1956","1 - 4 years","Both sexes","Thousand","239.2"
"Population Estimates (Persons in April)","1956","1 - 4 years","Male","Thousand","121.1"
"Population Estimates (Persons in April)","1956","1 - 4 years","Female","Thousand","118.1"
"Population Estimates (Persons in April)","1956","5 - 9 years","Both sexes","Thousand","296.1"
"Population Estimates (Persons in April)","1956","5 - 9 years","Male","Thousand","151.6"
"Population Estimates (Persons in April)","1956","5 - 9 years","Female","Thousand","144.5"
"Population Estimates (Persons in April)","1956","10 - 14 years","Both sexes","Thousand","276.6"
"Population Estimates (Persons in April)","1956","10 - 14 years","Male","Thousand","140.3"
"Population Estimates (Persons in April)","1956","10 - 14 years","Female","Thousand","136.3"
"Population Estimates (Persons in April)","1956","15 - 19 years","Both sexes","Thousand","232.1"
"Population Estimates (Persons in April)","1956","15 - 19 years","Male","Thousand","120.8"
"Population Estimates (Persons in April)","1956","15 - 19 years","Female","Thousand","111.3"
"Population Estimates (Persons in April)","1956","15 - 24 years","Both sexes","Thousand","411.2"
"Population Estimates (Persons in April)","1956","15 - 24 years","Male","Thousand","212.4"
"Population Estimates (Persons in April)","1956","15 - 24 years","Female","Thousand","198.8"
"Population Estimates (Persons in April)","1956","15 years and over","Both sexes","Thousand","2027.7"
"Population Estimates (Persons in April)","1956","15 years and over","Male","Thousand","1019.9"
"Population Estimates (Persons in April)","1956","15 years and over","Female","Thousand","1007.8"
"Population Estimates (Persons in April)","1956","20 - 24 years","Both sexes","Thousand","179.1"
"Population Estimates (Persons in April)","1956","20 - 24 years","Male","Thousand","91.6"
"Population Estimates (Persons in April)","1956","20 - 24 years","Female","Thousand","87.5"
"Population Estimates (Persons in April)","1956","25 - 29 years","Both sexes","Thousand","169.8"
"Population Estimates (Persons in April)","1956","25 - 29 years","Male","Thousand","84"
"Population Estimates (Persons in April)","1956","25 - 29 years","Female","Thousand","85.8"
"Population Estimates (Persons in April)","1956","25 - 44 years","Both sexes","Thousand","711.6"
"Population Estimates (Persons in April)","1956","25 - 44 years","Male","Thousand","353.4"
"Population Estimates (Persons in April)","1956","25 - 44 years","Female","Thousand","358.2"
"Population Estimates (Persons in April)","1956","30 - 34 years","Both sexes","Thousand","175.2"
"Population Estimates (Persons in April)","1956","30 - 34 years","Male","Thousand","86.3"
"Population Estimates (Persons in April)","1956","30 - 34 years","Female","Thousand","88.9"
"Population Estimates (Persons in April)","1956","35 - 39 years","Both sexes","Thousand","181.9"
"Population Estimates (Persons in April)","1956","35 - 39 years","Male","Thousand","89.1"
"Population Estimates (Persons in April)","1956","35 - 39 years","Female","Thousand","92.8"
"Population Estimates (Persons in April)","1956","40 - 44 years","Both sexes","Thousand","184.7"
"Population Estimates (Persons in April)","1956","40 - 44 years","Male","Thousand","94"
"Population Estimates (Persons in April)","1956","40 - 44 years","Female","Thousand","90.7"
"Population Estimates (Persons in April)","1956","45 - 49 years","Both sexes","Thousand","172.4"
"Population Estimates (Persons in April)","1956","45 - 49 years","Male","Thousand","88.7"
"Population Estimates (Persons in April)","1956","45 - 49 years","Female","Thousand","83.7"
"Population Estimates (Persons in April)","1956","45 - 64 years","Both sexes","Thousand","588.3"
"Population Estimates (Persons in April)","1956","45 - 64 years","Male","Thousand","299"
"Population Estimates (Persons in April)","1956","45 - 64 years","Female","Thousand","289.3"
"Population Estimates (Persons in April)","1956","50 - 54 years","Both sexes","Thousand","147.2"
"Population Estimates (Persons in April)","1956","50 - 54 years","Male","Thousand","75.8"
"Population Estimates (Persons in April)","1956","50 - 54 years","Female","Thousand","71.4"
"Population Estimates (Persons in April)","1956","55 - 59 years","Both sexes","Thousand","151.8"
"Population Estimates (Persons in April)","1956","55 - 59 years","Male","Thousand","76.7"
"Population Estimates (Persons in April)","1956","55 - 59 years","Female","Thousand","75.1"
"Population Estimates (Persons in April)","1956","60 - 64 years","Both sexes","Thousand","116.9"
"Population Estimates (Persons in April)","1956","60 - 64 years","Male","Thousand","57.8"
"Population Estimates (Persons in April)","1956","60 - 64 years","Female","Thousand","59.1"
"Population Estimates (Persons in April)","1956","65 - 69 years","Both sexes","Thousand","108.9"
"Population Estimates (Persons in April)","1956","65 - 69 years","Male","Thousand","55.2"
"Population Estimates (Persons in April)","1956","65 - 69 years","Female","Thousand","53.7"
"Population Estimates (Persons in April)","1956","65 years and over","Both sexes","Thousand","316.6"
"Population Estimates (Persons in April)","1956","65 years and over","Male","Thousand","155.1"
"Population Estimates (Persons in April)","1956","65 years and over","Female","Thousand","161.5"
"Population Estimates (Persons in April)","1956","70 - 74 years","Both sexes","Thousand","93"
"Population Estimates (Persons in April)","1956","70 - 74 years","Male","Thousand","45.2"
"Population Estimates (Persons in April)","1956","70 - 74 years","Female","Thousand","47.8"
"Population Estimates (Persons in April)","1956","75 - 79 years","Both sexes","Thousand","65.9"
"Population Estimates (Persons in April)","1956","75 - 79 years","Male","Thousand","32.3"
"Population Estimates (Persons in April)","1956","75 - 79 years","Female","Thousand","33.6"
"Population Estimates (Persons in April)","1956","80 - 84 years","Both sexes","Thousand","32.6"
"Population Estimates (Persons in April)","1956","80 - 84 years","Male","Thousand","15.2"
"Population Estimates (Persons in April)","1956","80 - 84 years","Female","Thousand","17.4"
"Population Estimates (Persons in April)","1956","85 years and over","Both sexes","Thousand","16.2"
"Population Estimates (Persons in April)","1956","85 years and over","Male","Thousand","7.2"
"Population Estimates (Persons in April)","1956","85 years and over","Female","Thousand","9"
"Population Estimates (Persons in April)","1956","All ages","Both sexes","Thousand","2898.5"
"Population Estimates (Persons in April)","1956","All ages","Male","Thousand","1463.1"
"Population Estimates (Persons in April)","1956","All ages","Female","Thousand","1435.4"
"Population Estimates (Persons in April)","1957","Under 1 year","Both sexes","Thousand","59.5"
"Population Estimates (Persons in April)","1957","Under 1 year","Male","Thousand","30.3"
"Population Estimates (Persons in April)","1957","Under 1 year","Female","Thousand","29.2"
"Population Estimates (Persons in April)","1957","0 - 4 years","Both sexes","Thousand",""
"Population Estimates (Persons in April)","1957","0 - 4 years","Male","Thousand",""
"Population Estimates (Persons in April)","1957","0 - 4 years","Female","Thousand",""
"Population Estimates (Persons in April)","1957","0 - 14 years","Both sexes","Thousand","873.1"
"Population Estimates (Persons in April)","1957","0 - 14 years","Male","Thousand","445.1"
"Population Estimates (Persons in April)","1957","0 - 14 years","Female","Thousand","428"
"Population Estimates (Persons in April)","1957","1 - 4 years","Both sexes","Thousand","239.5"
"Population Estimates (Persons in April)","1957","1 - 4 years","Male","Thousand","121.7"
"Population Estimates (Persons in April)","1957","1 - 4 years","Female","Thousand","117.8"
"Population Estimates (Persons in April)","1957","5 - 9 years","Both sexes","Thousand","294.7"
"Population Estimates (Persons in April)","1957","5 - 9 years","Male","Thousand","150.9"
"Population Estimates (Persons in April)","1957","5 - 9 years","Female","Thousand","143.8"
"Population Estimates (Persons in April)","1957","10 - 14 years","Both sexes","Thousand","279.4"
"Population Estimates (Persons in April)","1957","10 - 14 years","Male","Thousand","142.2"
"Population Estimates (Persons in April)","1957","10 - 14 years","Female","Thousand","137.2"
"Population Estimates (Persons in April)","1957","15 - 19 years","Both sexes","Thousand","232.7"
"Population Estimates (Persons in April)","1957","15 - 19 years","Male","Thousand","120.9"
"Population Estimates (Persons in April)","1957","15 - 19 years","Female","Thousand","111.8"
"Population Estimates (Persons in April)","1957","15 - 24 years","Both sexes","Thousand","407.7"
"Population Estimates (Persons in April)","1957","15 - 24 years","Male","Thousand","210.4"
"Population Estimates (Persons in April)","1957","15 - 24 years","Female","Thousand","197.3"
"Population Estimates (Persons in April)","1957","15 years and over","Both sexes","Thousand","2012.2"
"Population Estimates (Persons in April)","1957","15 years and over","Male","Thousand","1011"
"Population Estimates (Persons in April)","1957","15 years and over","Female","Thousand","1001.2"
"Population Estimates (Persons in April)","1957","20 - 24 years","Both sexes","Thousand","175"
"Population Estimates (Persons in April)","1957","20 - 24 years","Male","Thousand","89.5"
"Population Estimates (Persons in April)","1957","20 - 24 years","Female","Thousand","85.5"
"Population Estimates (Persons in April)","1957","25 - 29 years","Both sexes","Thousand","164.9"
"Population Estimates (Persons in April)","1957","25 - 29 years","Male","Thousand","81.7"
"Population Estimates (Persons in April)","1957","25 - 29 years","Female","Thousand","83.2"
"Population Estimates (Persons in April)","1957","25 - 44 years","Both sexes","Thousand","696.7"
"Population Estimates (Persons in April)","1957","25 - 44 years","Male","Thousand","345.9"
"Population Estimates (Persons in April)","1957","25 - 44 years","Female","Thousand","350.8"
"Population Estimates (Persons in April)","1957","30 - 34 years","Both sexes","Thousand","170.8"
"Population Estimates (Persons in April)","1957","30 - 34 years","Male","Thousand","84.2"
"Population Estimates (Persons in April)","1957","30 - 34 years","Female","Thousand","86.6"
"Population Estimates (Persons in April)","1957","35 - 39 years","Both sexes","Thousand","179"
"Population Estimates (Persons in April)","1957","35 - 39 years","Male","Thousand","87.7"
"Population Estimates (Persons in April)","1957","35 - 39 years","Female","Thousand","91.3"
"Population Estimates (Persons in April)","1957","40 - 44 years","Both sexes","Thousand","182"
"Population Estimates (Persons in April)","1957","40 - 44 years","Male","Thousand","92.3"
"Population Estimates (Persons in April)","1957","40 - 44 years","Female","Thousand","89.7"
"Population Estimates (Persons in April)","1957","45 - 49 years","Both sexes","Thousand","173"
"Population Estimates (Persons in April)","1957","45 - 49 years","Male","Thousand","88.9"
"Population Estimates (Persons in April)","1957","45 - 49 years","Female","Thousand","84.1"
"Population Estimates (Persons in April)","1957","45 - 64 years","Both sexes","Thousand","591.2"
"Population Estimates (Persons in April)","1957","45 - 64 years","Male","Thousand","300.5"
"Population Estimates (Persons in April)","1957","45 - 64 years","Female","Thousand","290.7"
"Population Estimates (Persons in April)","1957","50 - 54 years","Both sexes","Thousand","149.4"
"Population Estimates (Persons in April)","1957","50 - 54 years","Male","Thousand","77.1"
"Population Estimates (Persons in April)","1957","50 - 54 years","Female","Thousand","72.3"
"Population Estimates (Persons in April)","1957","55 - 59 years","Both sexes","Thousand","148.8"
"Population Estimates (Persons in April)","1957","55 - 59 years","Male","Thousand","75.2"
"Population Estimates (Persons in April)","1957","55 - 59 years","Female","Thousand","73.6"
"Population Estimates (Persons in April)","1957","60 - 64 years","Both sexes","Thousand","120"
"Population Estimates (Persons in April)","1957","60 - 64 years","Male","Thousand","59.3"
"Population Estimates (Persons in April)","1957","60 - 64 years","Female","Thousand","60.7"
"Population Estimates (Persons in April)","1957","65 - 69 years","Both sexes","Thousand","107.9"
"Population Estimates (Persons in April)","1957","65 - 69 years","Male","Thousand","54.5"
"Population Estimates (Persons in April)","1957","65 - 69 years","Female","Thousand","53.4"
"Population Estimates (Persons in April)","1957","65 years and over","Both sexes","Thousand","316.6"
"Population Estimates (Persons in April)","1957","65 years and over","Male","Thousand","154.2"
"Population Estimates (Persons in April)","1957","65 years and over","Female","Thousand","162.4"
"Population Estimates (Persons in April)","1957","70 - 74 years","Both sexes","Thousand","93.1"
"Population Estimates (Persons in April)","1957","70 - 74 years","Male","Thousand","45.1"
"Population Estimates (Persons in April)","1957","70 - 74 years","Female","Thousand","48"
"Population Estimates (Persons in April)","1957","75 - 79 years","Both sexes","Thousand","65.4"
"Population Estimates (Persons in April)","1957","75 - 79 years","Male","Thousand","31.8"
"Population Estimates (Persons in April)","1957","75 - 79 years","Female","Thousand","33.6"
"Population Estimates (Persons in April)","1957","80 - 84 years","Both sexes","Thousand","33.5"
"Population Estimates (Persons in April)","1957","80 - 84 years","Male","Thousand","15.5"
"Population Estimates (Persons in April)","1957","80 - 84 years","Female","Thousand","18"
"Population Estimates (Persons in April)","1957","85 years and over","Both sexes","Thousand","16.7"
"Population Estimates (Persons in April)","1957","85 years and over","Male","Thousand","7.3"
"Population Estimates (Persons in April)","1957","85 years and over","Female","Thousand","9.4"
"Population Estimates (Persons in April)","1957","All ages","Both sexes","Thousand","2885.3"
"Population Estimates (Persons in April)","1957","All ages","Male","Thousand","1456.1"
"Population Estimates (Persons in April)","1957","All ages","Female","Thousand","1429.2"
"Population Estimates (Persons in April)","1958","Under 1 year","Both sexes","Thousand","57.7"
"Population Estimates (Persons in April)","1958","Under 1 year","Male","Thousand","29.4"
"Population Estimates (Persons in April)","1958","Under 1 year","Female","Thousand","28.3"
"Population Estimates (Persons in April)","1958","0 - 4 years","Both sexes","Thousand",""
"Population Estimates (Persons in April)","1958","0 - 4 years","Male","Thousand",""
"Population Estimates (Persons in April)","1958","0 - 4 years","Female","Thousand",""
"Population Estimates (Persons in April)","1958","0 - 14 years","Both sexes","Thousand","869.5"
"Population Estimates (Persons in April)","1958","0 - 14 years","Male","Thousand","443.9"
"Population Estimates (Persons in April)","1958","0 - 14 years","Female","Thousand","425.6"
"Population Estimates (Persons in April)","1958","1 - 4 years","Both sexes","Thousand","240.1"
"Population Estimates (Persons in April)","1958","1 - 4 years","Male","Thousand","122.2"
"Population Estimates (Persons in April)","1958","1 - 4 years","Female","Thousand","117.9"
"Population Estimates (Persons in April)","1958","5 - 9 years","Both sexes","Thousand","291.4"
"Population Estimates (Persons in April)","1958","5 - 9 years","Male","Thousand","149.2"
"Population Estimates (Persons in April)","1958","5 - 9 years","Female","Thousand","142.2"
"Population Estimates (Persons in April)","1958","10 - 14 years","Both sexes","Thousand","280.3"
"Population Estimates (Persons in April)","1958","10 - 14 years","Male","Thousand","143.1"
"Population Estimates (Persons in April)","1958","10 - 14 years","Female","Thousand","137.2"
"Population Estimates (Persons in April)","1958","15 - 19 years","Both sexes","Thousand","231.8"
"Population Estimates (Persons in April)","1958","15 - 19 years","Male","Thousand","120.2"
"Population Estimates (Persons in April)","1958","15 - 19 years","Female","Thousand","111.6"
"Population Estimates (Persons in April)","1958","15 - 24 years","Both sexes","Thousand","401.5"
"Population Estimates (Persons in April)","1958","15 - 24 years","Male","Thousand","206.9"
"Population Estimates (Persons in April)","1958","15 - 24 years","Female","Thousand","194.6"
"Population Estimates (Persons in April)","1958","15 years and over","Both sexes","Thousand","1983.2"
"Population Estimates (Persons in April)","1958","15 years and over","Male","Thousand","995"
"Population Estimates (Persons in April)","1958","15 years and over","Female","Thousand","988.2"
"Population Estimates (Persons in April)","1958","20 - 24 years","Both sexes","Thousand","169.7"
"Population Estimates (Persons in April)","1958","20 - 24 years","Male","Thousand","86.7"
"Population Estimates (Persons in April)","1958","20 - 24 years","Female","Thousand","83"
"Population Estimates (Persons in April)","1958","25 - 29 years","Both sexes","Thousand","159.1"
"Population Estimates (Persons in April)","1958","25 - 29 years","Male","Thousand","78.9"
"Population Estimates (Persons in April)","1958","25 - 29 years","Female","Thousand","80.2"
"Population Estimates (Persons in April)","1958","25 - 44 years","Both sexes","Thousand","677.4"
"Population Estimates (Persons in April)","1958","25 - 44 years","Male","Thousand","336.1"
"Population Estimates (Persons in April)","1958","25 - 44 years","Female","Thousand","341.3"
"Population Estimates (Persons in April)","1958","30 - 34 years","Both sexes","Thousand","165.3"
"Population Estimates (Persons in April)","1958","30 - 34 years","Male","Thousand","81.5"
"Population Estimates (Persons in April)","1958","30 - 34 years","Female","Thousand","83.8"
"Population Estimates (Persons in April)","1958","35 - 39 years","Both sexes","Thousand","175"
"Population Estimates (Persons in April)","1958","35 - 39 years","Male","Thousand","85.8"
"Population Estimates (Persons in April)","1958","35 - 39 years","Female","Thousand","89.2"
"Population Estimates (Persons in April)","1958","40 - 44 years","Both sexes","Thousand","178"
"Population Estimates (Persons in April)","1958","40 - 44 years","Male","Thousand","89.9"
"Population Estimates (Persons in April)","1958","40 - 44 years","Female","Thousand","88.1"
"Population Estimates (Persons in April)","1958","45 - 49 years","Both sexes","Thousand","172.5"
"Population Estimates (Persons in April)","1958","45 - 49 years","Male","Thousand","88.5"
"Population Estimates (Persons in April)","1958","45 - 49 years","Female","Thousand","84"
"Population Estimates (Persons in April)","1958","45 - 64 years","Both sexes","Thousand","589.8"
"Population Estimates (Persons in April)","1958","45 - 64 years","Male","Thousand","299.8"
"Population Estimates (Persons in April)","1958","45 - 64 years","Female","Thousand","290"
"Population Estimates (Persons in April)","1958","50 - 54 years","Both sexes","Thousand","150.5"
"Population Estimates (Persons in April)","1958","50 - 54 years","Male","Thousand","77.9"
"Population Estimates (Persons in April)","1958","50 - 54 years","Female","Thousand","72.6"
"Population Estimates (Persons in April)","1958","55 - 59 years","Both sexes","Thousand","144.7"
"Population Estimates (Persons in April)","1958","55 - 59 years","Male","Thousand","73.1"
"Population Estimates (Persons in April)","1958","55 - 59 years","Female","Thousand","71.6"
"Population Estimates (Persons in April)","1958","60 - 64 years","Both sexes","Thousand","122.1"
"Population Estimates (Persons in April)","1958","60 - 64 years","Male","Thousand","60.3"
"Population Estimates (Persons in April)","1958","60 - 64 years","Female","Thousand","61.8"
"Population Estimates (Persons in April)","1958","65 - 69 years","Both sexes","Thousand","106.1"
"Population Estimates (Persons in April)","1958","65 - 69 years","Male","Thousand","53.3"
"Population Estimates (Persons in April)","1958","65 - 69 years","Female","Thousand","52.8"
"Population Estimates (Persons in April)","1958","65 years and over","Both sexes","Thousand","314.5"
"Population Estimates (Persons in April)","1958","65 years and over","Male","Thousand","152.2"
"Population Estimates (Persons in April)","1958","65 years and over","Female","Thousand","162.3"
"Population Estimates (Persons in April)","1958","70 - 74 years","Both sexes","Thousand","92.5"
"Population Estimates (Persons in April)","1958","70 - 74 years","Male","Thousand","44.6"
"Population Estimates (Persons in April)","1958","70 - 74 years","Female","Thousand","47.9"
"Population Estimates (Persons in April)","1958","75 - 79 years","Both sexes","Thousand","64.5"
"Population Estimates (Persons in April)","1958","75 - 79 years","Male","Thousand","31.1"
"Population Estimates (Persons in April)","1958","75 - 79 years","Female","Thousand","33.4"
"Population Estimates (Persons in April)","1958","80 - 84 years","Both sexes","Thousand","34.3"
"Population Estimates (Persons in April)","1958","80 - 84 years","Male","Thousand","15.8"
"Population Estimates (Persons in April)","1958","80 - 84 years","Female","Thousand","18.5"
"Population Estimates (Persons in April)","1958","85 years and over","Both sexes","Thousand","17.1"
"Population Estimates (Persons in April)","1958","85 years and over","Male","Thousand","7.4"
"Population Estimates (Persons in April)","1958","85 years and over","Female","Thousand","9.7"
"Population Estimates (Persons in April)","1958","All ages","Both sexes","Thousand","2852.7"
"Population Estimates (Persons in April)","1958","All ages","Male","Thousand","1438.9"
"Population Estimates (Persons in April)","1958","All ages","Female","Thousand","1413.8"
"Population Estimates (Persons in April)","1959","Under 1 year","Both sexes","Thousand","58.6"
"Population Estimates (Persons in April)","1959","Under 1 year","Male","Thousand","29.7"
"Population Estimates (Persons in April)","1959","Under 1 year","Female","Thousand","28.9"
"Population Estimates (Persons in April)","1959","0 - 4 years","Both sexes","Thousand",""
"Population Estimates (Persons in April)","1959","0 - 4 years","Male","Thousand",""
"Population Estimates (Persons in April)","1959","0 - 4 years","Female","Thousand",""
"Population Estimates (Persons in April)","1959","0 - 14 years","Both sexes","Thousand","873.5"
"Population Estimates (Persons in April)","1959","0 - 14 years","Male","Thousand","446.6"
"Population Estimates (Persons in April)","1959","0 - 14 years","Female","Thousand","426.9"
"Population Estimates (Persons in April)","1959","1 - 4 years","Both sexes","Thousand","240.7"
"Population Estimates (Persons in April)","1959","1 - 4 years","Male","Thousand","122.9"
"Population Estimates (Persons in April)","1959","1 - 4 years","Female","Thousand","117.8"
"Population Estimates (Persons in April)","1959","5 - 9 years","Both sexes","Thousand","290.6"
"Population Estimates (Persons in April)","1959","5 - 9 years","Male","Thousand","148.8"
"Population Estimates (Persons in April)","1959","5 - 9 years","Female","Thousand","141.8"
"Population Estimates (Persons in April)","1959","10 - 14 years","Both sexes","Thousand","283.6"
"Population Estimates (Persons in April)","1959","10 - 14 years","Male","Thousand","145.2"
"Population Estimates (Persons in April)","1959","10 - 14 years","Female","Thousand","138.4"
"Population Estimates (Persons in April)","1959","15 - 19 years","Both sexes","Thousand","232.8"
"Population Estimates (Persons in April)","1959","15 - 19 years","Male","Thousand","120.5"
"Population Estimates (Persons in April)","1959","15 - 19 years","Female","Thousand","112.3"
"Population Estimates (Persons in April)","1959","15 - 24 years","Both sexes","Thousand","398.6"
"Population Estimates (Persons in April)","1959","15 - 24 years","Male","Thousand","205"
"Population Estimates (Persons in April)","1959","15 - 24 years","Female","Thousand","193.6"
"Population Estimates (Persons in April)","1959","15 years and over","Both sexes","Thousand","1972.1"
"Population Estimates (Persons in April)","1959","15 years and over","Male","Thousand","988"
"Population Estimates (Persons in April)","1959","15 years and over","Female","Thousand","984.1"
"Population Estimates (Persons in April)","1959","20 - 24 years","Both sexes","Thousand","165.8"
"Population Estimates (Persons in April)","1959","20 - 24 years","Male","Thousand","84.5"
"Population Estimates (Persons in April)","1959","20 - 24 years","Female","Thousand","81.3"
"Population Estimates (Persons in April)","1959","25 - 29 years","Both sexes","Thousand","154.8"
"Population Estimates (Persons in April)","1959","25 - 29 years","Male","Thousand","76.9"
"Population Estimates (Persons in April)","1959","25 - 29 years","Female","Thousand","77.9"
"Population Estimates (Persons in April)","1959","25 - 44 years","Both sexes","Thousand","664.4"
"Population Estimates (Persons in April)","1959","25 - 44 years","Male","Thousand","329.5"
"Population Estimates (Persons in April)","1959","25 - 44 years","Female","Thousand","334.9"
"Population Estimates (Persons in April)","1959","30 - 34 years","Both sexes","Thousand","161.4"
"Population Estimates (Persons in April)","1959","30 - 34 years","Male","Thousand","79.6"
"Population Estimates (Persons in April)","1959","30 - 34 years","Female","Thousand","81.8"
"Population Estimates (Persons in April)","1959","35 - 39 years","Both sexes","Thousand","172.5"
"Population Estimates (Persons in April)","1959","35 - 39 years","Male","Thousand","84.6"
"Population Estimates (Persons in April)","1959","35 - 39 years","Female","Thousand","87.9"
"Population Estimates (Persons in April)","1959","40 - 44 years","Both sexes","Thousand","175.7"
"Population Estimates (Persons in April)","1959","40 - 44 years","Male","Thousand","88.4"
"Population Estimates (Persons in April)","1959","40 - 44 years","Female","Thousand","87.3"
"Population Estimates (Persons in April)","1959","45 - 49 years","Both sexes","Thousand","173.5"
"Population Estimates (Persons in April)","1959","45 - 49 years","Male","Thousand","88.9"
"Population Estimates (Persons in April)","1959","45 - 49 years","Female","Thousand","84.6"
"Population Estimates (Persons in April)","1959","45 - 64 years","Both sexes","Thousand","593.9"
"Population Estimates (Persons in April)","1959","45 - 64 years","Male","Thousand","301.9"
"Population Estimates (Persons in April)","1959","45 - 64 years","Female","Thousand","292"
"Population Estimates (Persons in April)","1959","50 - 54 years","Both sexes","Thousand","153"
"Population Estimates (Persons in April)","1959","50 - 54 years","Male","Thousand","79.4"
"Population Estimates (Persons in April)","1959","50 - 54 years","Female","Thousand","73.6"
"Population Estimates (Persons in April)","1959","55 - 59 years","Both sexes","Thousand","142.1"
"Population Estimates (Persons in April)","1959","55 - 59 years","Male","Thousand","71.8"
"Population Estimates (Persons in April)","1959","55 - 59 years","Female","Thousand","70.3"
"Population Estimates (Persons in April)","1959","60 - 64 years","Both sexes","Thousand","125.3"
"Population Estimates (Persons in April)","1959","60 - 64 years","Male","Thousand","61.8"
"Population Estimates (Persons in April)","1959","60 - 64 years","Female","Thousand","63.5"
"Population Estimates (Persons in April)","1959","65 - 69 years","Both sexes","Thousand","105.4"
"Population Estimates (Persons in April)","1959","65 - 69 years","Male","Thousand","52.7"
"Population Estimates (Persons in April)","1959","65 - 69 years","Female","Thousand","52.7"
"Population Estimates (Persons in April)","1959","65 years and over","Both sexes","Thousand","315.2"
"Population Estimates (Persons in April)","1959","65 years and over","Male","Thousand","151.6"
"Population Estimates (Persons in April)","1959","65 years and over","Female","Thousand","163.6"
"Population Estimates (Persons in April)","1959","70 - 74 years","Both sexes","Thousand","92.8"
"Population Estimates (Persons in April)","1959","70 - 74 years","Male","Thousand","44.6"
"Population Estimates (Persons in April)","1959","70 - 74 years","Female","Thousand","48.2"
"Population Estimates (Persons in April)","1959","75 - 79 years","Both sexes","Thousand","64.2"
"Population Estimates (Persons in April)","1959","75 - 79 years","Male","Thousand","30.7"
"Population Estimates (Persons in April)","1959","75 - 79 years","Female","Thousand","33.5"
"Population Estimates (Persons in April)","1959","80 - 84 years","Both sexes","Thousand","35.2"
"Population Estimates (Persons in April)","1959","80 - 84 years","Male","Thousand","16.1"
"Population Estimates (Persons in April)","1959","80 - 84 years","Female","Thousand","19.1"
"Population Estimates (Persons in April)","1959","85 years and over","Both sexes","Thousand","17.6"
"Population Estimates (Persons in April)","1959","85 years and over","Male","Thousand","7.5"
"Population Estimates (Persons in April)","1959","85 years and over","Female","Thousand","10.1"
"Population Estimates (Persons in April)","1959","All ages","Both sexes","Thousand","2845.6"
"Population Estimates (Persons in April)","1959","All ages","Male","Thousand","1434.6"
"Population Estimates (Persons in April)","1959","All ages","Female","Thousand","1411"
"Population Estimates (Persons in April)","1960","Under 1 year","Both sexes","Thousand","59.3"
"Population Estimates (Persons in April)","1960","Under 1 year","Male","Thousand","30.3"
"Population Estimates (Persons in April)","1960","Under 1 year","Female","Thousand","29"
"Population Estimates (Persons in April)","1960","0 - 4 years","Both sexes","Thousand",""
"Population Estimates (Persons in April)","1960","0 - 4 years","Male","Thousand",""
"Population Estimates (Persons in April)","1960","0 - 4 years","Female","Thousand",""
"Population Estimates (Persons in April)","1960","0 - 14 years","Both sexes","Thousand","875.5"
"Population Estimates (Persons in April)","1960","0 - 14 years","Male","Thousand","448.2"
"Population Estimates (Persons in April)","1960","0 - 14 years","Female","Thousand","427.3"
"Population Estimates (Persons in April)","1960","1 - 4 years","Both sexes","Thousand","240.8"
"Population Estimates (Persons in April)","1960","1 - 4 years","Male","Thousand","122.9"
"Population Estimates (Persons in April)","1960","1 - 4 years","Female","Thousand","117.9"
"Population Estimates (Persons in April)","1960","5 - 9 years","Both sexes","Thousand","289.2"
"Population Estimates (Persons in April)","1960","5 - 9 years","Male","Thousand","148.1"
"Population Estimates (Persons in April)","1960","5 - 9 years","Female","Thousand","141.1"
"Population Estimates (Persons in April)","1960","10 - 14 years","Both sexes","Thousand","286.2"
"Population Estimates (Persons in April)","1960","10 - 14 years","Male","Thousand","146.9"
"Population Estimates (Persons in April)","1960","10 - 14 years","Female","Thousand","139.3"
"Population Estimates (Persons in April)","1960","15 - 19 years","Both sexes","Thousand","233.3"
"Population Estimates (Persons in April)","1960","15 - 19 years","Male","Thousand","120.5"
"Population Estimates (Persons in April)","1960","15 - 19 years","Female","Thousand","112.8"
"Population Estimates (Persons in April)","1960","15 - 24 years","Both sexes","Thousand","395.4"
"Population Estimates (Persons in April)","1960","15 - 24 years","Male","Thousand","203.2"
"Population Estimates (Persons in April)","1960","15 - 24 years","Female","Thousand","192.2"
"Population Estimates (Persons in April)","1960","15 years and over","Both sexes","Thousand","1956.6"
"Population Estimates (Persons in April)","1960","15 years and over","Male","Thousand","978.9"
"Population Estimates (Persons in April)","1960","15 years and over","Female","Thousand","977.7"
"Population Estimates (Persons in April)","1960","20 - 24 years","Both sexes","Thousand","162.1"
"Population Estimates (Persons in April)","1960","20 - 24 years","Male","Thousand","82.7"
"Population Estimates (Persons in April)","1960","20 - 24 years","Female","Thousand","79.4"
"Population Estimates (Persons in April)","1960","25 - 29 years","Both sexes","Thousand","150"
"Population Estimates (Persons in April)","1960","25 - 29 years","Male","Thousand","74.6"
"Population Estimates (Persons in April)","1960","25 - 29 years","Female","Thousand","75.4"
"Population Estimates (Persons in April)","1960","25 - 44 years","Both sexes","Thousand","649.7"
"Population Estimates (Persons in April)","1960","25 - 44 years","Male","Thousand","321.9"
"Population Estimates (Persons in April)","1960","25 - 44 years","Female","Thousand","327.8"
"Population Estimates (Persons in April)","1960","30 - 34 years","Both sexes","Thousand","157"
"Population Estimates (Persons in April)","1960","30 - 34 years","Male","Thousand","77.4"
"Population Estimates (Persons in April)","1960","30 - 34 years","Female","Thousand","79.6"
"Population Estimates (Persons in April)","1960","35 - 39 years","Both sexes","Thousand","169.7"
"Population Estimates (Persons in April)","1960","35 - 39 years","Male","Thousand","83.2"
"Population Estimates (Persons in April)","1960","35 - 39 years","Female","Thousand","86.5"
"Population Estimates (Persons in April)","1960","40 - 44 years","Both sexes","Thousand","173"
"Population Estimates (Persons in April)","1960","40 - 44 years","Male","Thousand","86.7"
"Population Estimates (Persons in April)","1960","40 - 44 years","Female","Thousand","86.3"
"Population Estimates (Persons in April)","1960","45 - 49 years","Both sexes","Thousand","174"
"Population Estimates (Persons in April)","1960","45 - 49 years","Male","Thousand","89"
"Population Estimates (Persons in April)","1960","45 - 49 years","Female","Thousand","85"
"Population Estimates (Persons in April)","1960","45 - 64 years","Both sexes","Thousand","596.4"
"Population Estimates (Persons in April)","1960","45 - 64 years","Male","Thousand","303.1"
"Population Estimates (Persons in April)","1960","45 - 64 years","Female","Thousand","293.3"
"Population Estimates (Persons in April)","1960","50 - 54 years","Both sexes","Thousand","155.1"
"Population Estimates (Persons in April)","1960","50 - 54 years","Male","Thousand","80.6"
"Population Estimates (Persons in April)","1960","50 - 54 years","Female","Thousand","74.5"
"Population Estimates (Persons in April)","1960","55 - 59 years","Both sexes","Thousand","139.1"
"Population Estimates (Persons in April)","1960","55 - 59 years","Male","Thousand","70.3"
"Population Estimates (Persons in April)","1960","55 - 59 years","Female","Thousand","68.8"
"Population Estimates (Persons in April)","1960","60 - 64 years","Both sexes","Thousand","128.2"
"Population Estimates (Persons in April)","1960","60 - 64 years","Male","Thousand","63.2"
"Population Estimates (Persons in April)","1960","60 - 64 years","Female","Thousand","65"
"Population Estimates (Persons in April)","1960","65 - 69 years","Both sexes","Thousand","104.4"
"Population Estimates (Persons in April)","1960","65 - 69 years","Male","Thousand","52"
"Population Estimates (Persons in April)","1960","65 - 69 years","Female","Thousand","52.4"
"Population Estimates (Persons in April)","1960","65 years and over","Both sexes","Thousand","315.1"
"Population Estimates (Persons in April)","1960","65 years and over","Male","Thousand","150.7"
"Population Estimates (Persons in April)","1960","65 years and over","Female","Thousand","164.4"
"Population Estimates (Persons in April)","1960","70 - 74 years","Both sexes","Thousand","92.8"
"Population Estimates (Persons in April)","1960","70 - 74 years","Male","Thousand","44.4"
"Population Estimates (Persons in April)","1960","70 - 74 years","Female","Thousand","48.4"
"Population Estimates (Persons in April)","1960","75 - 79 years","Both sexes","Thousand","63.8"
"Population Estimates (Persons in April)","1960","75 - 79 years","Male","Thousand","30.3"
"Population Estimates (Persons in April)","1960","75 - 79 years","Female","Thousand","33.5"
"Population Estimates (Persons in April)","1960","80 - 84 years","Both sexes","Thousand","36.1"
"Population Estimates (Persons in April)","1960","80 - 84 years","Male","Thousand","16.4"
"Population Estimates (Persons in April)","1960","80 - 84 years","Female","Thousand","19.7"
"Population Estimates (Persons in April)","1960","85 years and over","Both sexes","Thousand","18"
"Population Estimates (Persons in April)","1960","85 years and over","Male","Thousand","7.6"
"Population Estimates (Persons in April)","1960","85 years and over","Female","Thousand","10.4"
"Population Estimates (Persons in April)","1960","All ages","Both sexes","Thousand","2832.1"
"Population Estimates (Persons in April)","1960","All ages","Male","Thousand","1427.1"
"Population Estimates (Persons in April)","1960","All ages","Female","Thousand","1405"
"Population Estimates (Persons in April)","1961","Under 1 year","Both sexes","Thousand","62.8"
"Population Estimates (Persons in April)","1961","Under 1 year","Male","Thousand","32.1"
"Population Estimates (Persons in April)","1961","Under 1 year","Female","Thousand","30.6"
"Population Estimates (Persons in April)","1961","0 - 4 years","Both sexes","Thousand","300.8"
"Population Estimates (Persons in April)","1961","0 - 4 years","Male","Thousand","153.4"
"Population Estimates (Persons in April)","1961","0 - 4 years","Female","Thousand","147.4"
"Population Estimates (Persons in April)","1961","0 - 14 years","Both sexes","Thousand","877.3"
"Population Estimates (Persons in April)","1961","0 - 14 years","Male","Thousand","448.7"
"Population Estimates (Persons in April)","1961","0 - 14 years","Female","Thousand","428.5"
"Population Estimates (Persons in April)","1961","1 - 4 years","Both sexes","Thousand","238"
"Population Estimates (Persons in April)","1961","1 - 4 years","Male","Thousand","121.3"
"Population Estimates (Persons in April)","1961","1 - 4 years","Female","Thousand","116.7"
"Population Estimates (Persons in April)","1961","5 - 9 years","Both sexes","Thousand","287.7"
"Population Estimates (Persons in April)","1961","5 - 9 years","Male","Thousand","147"
"Population Estimates (Persons in April)","1961","5 - 9 years","Female","Thousand","140.7"
"Population Estimates (Persons in April)","1961","10 - 14 years","Both sexes","Thousand","288.8"
"Population Estimates (Persons in April)","1961","10 - 14 years","Male","Thousand","148.3"
"Population Estimates (Persons in April)","1961","10 - 14 years","Female","Thousand","140.5"
"Population Estimates (Persons in April)","1961","15 - 19 years","Both sexes","Thousand","233.8"
"Population Estimates (Persons in April)","1961","15 - 19 years","Male","Thousand","120.3"
"Population Estimates (Persons in April)","1961","15 - 19 years","Female","Thousand","113.5"
"Population Estimates (Persons in April)","1961","15 - 24 years","Both sexes","Thousand","391.8"
"Population Estimates (Persons in April)","1961","15 - 24 years","Male","Thousand","200.8"
"Population Estimates (Persons in April)","1961","15 - 24 years","Female","Thousand","191.1"
"Population Estimates (Persons in April)","1961","15 years and over","Both sexes","Thousand","1941.1"
"Population Estimates (Persons in April)","1961","15 years and over","Male","Thousand","967.8"
"Population Estimates (Persons in April)","1961","15 years and over","Female","Thousand","973.3"
"Population Estimates (Persons in April)","1961","20 - 24 years","Both sexes","Thousand","158"
"Population Estimates (Persons in April)","1961","20 - 24 years","Male","Thousand","80.4"
"Population Estimates (Persons in April)","1961","20 - 24 years","Female","Thousand","77.6"
"Population Estimates (Persons in April)","1961","25 - 29 years","Both sexes","Thousand","145.4"
"Population Estimates (Persons in April)","1961","25 - 29 years","Male","Thousand","72.3"
"Population Estimates (Persons in April)","1961","25 - 29 years","Female","Thousand","73.1"
"Population Estimates (Persons in April)","1961","25 - 44 years","Both sexes","Thousand","635.3"
"Population Estimates (Persons in April)","1961","25 - 44 years","Male","Thousand","314"
"Population Estimates (Persons in April)","1961","25 - 44 years","Female","Thousand","321.3"
"Population Estimates (Persons in April)","1961","30 - 34 years","Both sexes","Thousand","152.8"
"Population Estimates (Persons in April)","1961","30 - 34 years","Male","Thousand","75.2"
"Population Estimates (Persons in April)","1961","30 - 34 years","Female","Thousand","77.5"
"Population Estimates (Persons in April)","1961","35 - 39 years","Both sexes","Thousand","166.8"
"Population Estimates (Persons in April)","1961","35 - 39 years","Male","Thousand","81.6"
"Population Estimates (Persons in April)","1961","35 - 39 years","Female","Thousand","85.2"
"Population Estimates (Persons in April)","1961","40 - 44 years","Both sexes","Thousand","170.3"
"Population Estimates (Persons in April)","1961","40 - 44 years","Male","Thousand","84.8"
"Population Estimates (Persons in April)","1961","40 - 44 years","Female","Thousand","85.5"
"Population Estimates (Persons in April)","1961","45 - 49 years","Both sexes","Thousand","174.6"
"Population Estimates (Persons in April)","1961","45 - 49 years","Male","Thousand","89"
"Population Estimates (Persons in April)","1961","45 - 49 years","Female","Thousand","85.6"
"Population Estimates (Persons in April)","1961","45 - 64 years","Both sexes","Thousand","598.9"
"Population Estimates (Persons in April)","1961","45 - 64 years","Male","Thousand","303.8"
"Population Estimates (Persons in April)","1961","45 - 64 years","Female","Thousand","295.2"
"Population Estimates (Persons in April)","1961","50 - 54 years","Both sexes","Thousand","157.1"
"Population Estimates (Persons in April)","1961","50 - 54 years","Male","Thousand","81.7"
"Population Estimates (Persons in April)","1961","50 - 54 years","Female","Thousand","75.4"
"Population Estimates (Persons in April)","1961","55 - 59 years","Both sexes","Thousand","136.1"
"Population Estimates (Persons in April)","1961","55 - 59 years","Male","Thousand","68.6"
"Population Estimates (Persons in April)","1961","55 - 59 years","Female","Thousand","67.5"
"Population Estimates (Persons in April)","1961","60 - 64 years","Both sexes","Thousand","131.1"
"Population Estimates (Persons in April)","1961","60 - 64 years","Male","Thousand","64.4"
"Population Estimates (Persons in April)","1961","60 - 64 years","Female","Thousand","66.6"
"Population Estimates (Persons in April)","1961","65 - 69 years","Both sexes","Thousand","103.5"
"Population Estimates (Persons in April)","1961","65 - 69 years","Male","Thousand","51.1"
"Population Estimates (Persons in April)","1961","65 - 69 years","Female","Thousand","52.3"
"Population Estimates (Persons in April)","1961","65 years and over","Both sexes","Thousand","315.1"
"Population Estimates (Persons in April)","1961","65 years and over","Male","Thousand","149.3"
"Population Estimates (Persons in April)","1961","65 years and over","Female","Thousand","165.8"
"Population Estimates (Persons in April)","1961","70 - 74 years","Both sexes","Thousand","92.8"
"Population Estimates (Persons in April)","1961","70 - 74 years","Male","Thousand","44.1"
"Population Estimates (Persons in April)","1961","70 - 74 years","Female","Thousand","48.7"
"Population Estimates (Persons in April)","1961","75 - 79 years","Both sexes","Thousand","63.2"
"Population Estimates (Persons in April)","1961","75 - 79 years","Male","Thousand","29.7"
"Population Estimates (Persons in April)","1961","75 - 79 years","Female","Thousand","33.5"
"Population Estimates (Persons in April)","1961","80 - 84 years","Both sexes","Thousand","37"
"Population Estimates (Persons in April)","1961","80 - 84 years","Male","Thousand","16.7"
"Population Estimates (Persons in April)","1961","80 - 84 years","Female","Thousand","20.4"
"Population Estimates (Persons in April)","1961","85 years and over","Both sexes","Thousand","18.5"
"Population Estimates (Persons in April)","1961","85 years and over","Male","Thousand","7.7"
"Population Estimates (Persons in April)","1961","85 years and over","Female","Thousand","10.8"
"Population Estimates (Persons in April)","1961","All ages","Both sexes","Thousand","2818.3"
"Population Estimates (Persons in April)","1961","All ages","Male","Thousand","1416.5"
"Population Estimates (Persons in April)","1961","All ages","Female","Thousand","1401.8"
"Population Estimates (Persons in April)","1962","Under 1 year","Both sexes","Thousand","60.5"
"Population Estimates (Persons in April)","1962","Under 1 year","Male","Thousand","30.9"
"Population Estimates (Persons in April)","1962","Under 1 year","Female","Thousand","29.6"
"Population Estimates (Persons in April)","1962","0 - 4 years","Both sexes","Thousand",""
"Population Estimates (Persons in April)","1962","0 - 4 years","Male","Thousand",""
"Population Estimates (Persons in April)","1962","0 - 4 years","Female","Thousand",""
"Population Estimates (Persons in April)","1962","0 - 14 years","Both sexes","Thousand","881.5"
"Population Estimates (Persons in April)","1962","0 - 14 years","Male","Thousand","450.9"
"Population Estimates (Persons in April)","1962","0 - 14 years","Female","Thousand","430.6"
"Population Estimates (Persons in April)","1962","1 - 4 years","Both sexes","Thousand","243.2"
"Population Estimates (Persons in April)","1962","1 - 4 years","Male","Thousand","124.1"
"Population Estimates (Persons in April)","1962","1 - 4 years","Female","Thousand","119.1"
"Population Estimates (Persons in April)","1962","5 - 9 years","Both sexes","Thousand","289.8"
"Population Estimates (Persons in April)","1962","5 - 9 years","Male","Thousand","148.1"
"Population Estimates (Persons in April)","1962","5 - 9 years","Female","Thousand","141.7"
"Population Estimates (Persons in April)","1962","10 - 14 years","Both sexes","Thousand","288"
"Population Estimates (Persons in April)","1962","10 - 14 years","Male","Thousand","147.8"
"Population Estimates (Persons in April)","1962","10 - 14 years","Female","Thousand","140.2"
"Population Estimates (Persons in April)","1962","15 - 19 years","Both sexes","Thousand","238.8"
"Population Estimates (Persons in April)","1962","15 - 19 years","Male","Thousand","122.9"
"Population Estimates (Persons in April)","1962","15 - 19 years","Female","Thousand","115.9"
"Population Estimates (Persons in April)","1962","15 - 24 years","Both sexes","Thousand","402.1"
"Population Estimates (Persons in April)","1962","15 - 24 years","Male","Thousand","206.1"
"Population Estimates (Persons in April)","1962","15 - 24 years","Female","Thousand","196"
"Population Estimates (Persons in April)","1962","15 years and over","Both sexes","Thousand","1948.6"
"Population Estimates (Persons in April)","1962","15 years and over","Male","Thousand","971.9"
"Population Estimates (Persons in April)","1962","15 years and over","Female","Thousand","976.7"
"Population Estimates (Persons in April)","1962","20 - 24 years","Both sexes","Thousand","163.3"
"Population Estimates (Persons in April)","1962","20 - 24 years","Male","Thousand","83.2"
"Population Estimates (Persons in April)","1962","20 - 24 years","Female","Thousand","80.1"
"Population Estimates (Persons in April)","1962","25 - 29 years","Both sexes","Thousand","146.1"
"Population Estimates (Persons in April)","1962","25 - 29 years","Male","Thousand","72.8"
"Population Estimates (Persons in April)","1962","25 - 29 years","Female","Thousand","73.3"
"Population Estimates (Persons in April)","1962","25 - 44 years","Both sexes","Thousand","630.7"
"Population Estimates (Persons in April)","1962","25 - 44 years","Male","Thousand","312.4"
"Population Estimates (Persons in April)","1962","25 - 44 years","Female","Thousand","318.3"
"Population Estimates (Persons in April)","1962","30 - 34 years","Both sexes","Thousand","151.4"
"Population Estimates (Persons in April)","1962","30 - 34 years","Male","Thousand","74.9"
"Population Estimates (Persons in April)","1962","30 - 34 years","Female","Thousand","76.5"
"Population Estimates (Persons in April)","1962","35 - 39 years","Both sexes","Thousand","164.3"
"Population Estimates (Persons in April)","1962","35 - 39 years","Male","Thousand","80.6"
"Population Estimates (Persons in April)","1962","35 - 39 years","Female","Thousand","83.7"
"Population Estimates (Persons in April)","1962","40 - 44 years","Both sexes","Thousand","168.9"
"Population Estimates (Persons in April)","1962","40 - 44 years","Male","Thousand","84.1"
"Population Estimates (Persons in April)","1962","40 - 44 years","Female","Thousand","84.8"
"Population Estimates (Persons in April)","1962","45 - 49 years","Both sexes","Thousand","172.9"
"Population Estimates (Persons in April)","1962","45 - 49 years","Male","Thousand","87.9"
"Population Estimates (Persons in April)","1962","45 - 49 years","Female","Thousand","85"
"Population Estimates (Persons in April)","1962","45 - 64 years","Both sexes","Thousand","599.3"
"Population Estimates (Persons in April)","1962","45 - 64 years","Male","Thousand","304"
"Population Estimates (Persons in April)","1962","45 - 64 years","Female","Thousand","295.3"
"Population Estimates (Persons in April)","1962","50 - 54 years","Both sexes","Thousand","158.6"
"Population Estimates (Persons in April)","1962","50 - 54 years","Male","Thousand","82.2"
"Population Estimates (Persons in April)","1962","50 - 54 years","Female","Thousand","76.4"
"Population Estimates (Persons in April)","1962","55 - 59 years","Both sexes","Thousand","138.2"
"Population Estimates (Persons in April)","1962","55 - 59 years","Male","Thousand","70"
"Population Estimates (Persons in April)","1962","55 - 59 years","Female","Thousand","68.2"
"Population Estimates (Persons in April)","1962","60 - 64 years","Both sexes","Thousand","129.6"
"Population Estimates (Persons in April)","1962","60 - 64 years","Male","Thousand","63.9"
"Population Estimates (Persons in April)","1962","60 - 64 years","Female","Thousand","65.7"
"Population Estimates (Persons in April)","1962","65 - 69 years","Both sexes","Thousand","105.5"
"Population Estimates (Persons in April)","1962","65 - 69 years","Male","Thousand","51.9"
"Population Estimates (Persons in April)","1962","65 - 69 years","Female","Thousand","53.6"
"Population Estimates (Persons in April)","1962","65 years and over","Both sexes","Thousand","316.5"
"Population Estimates (Persons in April)","1962","65 years and over","Male","Thousand","149.4"
"Population Estimates (Persons in April)","1962","65 years and over","Female","Thousand","167.1"
"Population Estimates (Persons in April)","1962","70 - 74 years","Both sexes","Thousand","92.2"
"Population Estimates (Persons in April)","1962","70 - 74 years","Male","Thousand","43.7"
"Population Estimates (Persons in April)","1962","70 - 74 years","Female","Thousand","48.5"
"Population Estimates (Persons in April)","1962","75 - 79 years","Both sexes","Thousand","63.1"
"Population Estimates (Persons in April)","1962","75 - 79 years","Male","Thousand","29.5"
"Population Estimates (Persons in April)","1962","75 - 79 years","Female","Thousand","33.6"
"Population Estimates (Persons in April)","1962","80 - 84 years","Both sexes","Thousand","36.8"
"Population Estimates (Persons in April)","1962","80 - 84 years","Male","Thousand","16.5"
"Population Estimates (Persons in April)","1962","80 - 84 years","Female","Thousand","20.3"
"Population Estimates (Persons in April)","1962","85 years and over","Both sexes","Thousand","18.9"
"Population Estimates (Persons in April)","1962","85 years and over","Male","Thousand","7.8"
"Population Estimates (Persons in April)","1962","85 years and over","Female","Thousand","11.1"
"Population Estimates (Persons in April)","1962","All ages","Both sexes","Thousand","2830.1"
"Population Estimates (Persons in April)","1962","All ages","Male","Thousand","1422.8"
"Population Estimates (Persons in April)","1962","All ages","Female","Thousand","1407.3"
"Population Estimates (Persons in April)","1963","Under 1 year","Both sexes","Thousand","62.1"
"Population Estimates (Persons in April)","1963","Under 1 year","Male","Thousand","31.8"
"Population Estimates (Persons in April)","1963","Under 1 year","Female","Thousand","30.3"
"Population Estimates (Persons in April)","1963","0 - 4 years","Both sexes","Thousand",""
"Population Estimates (Persons in April)","1963","0 - 4 years","Male","Thousand",""
"Population Estimates (Persons in April)","1963","0 - 4 years","Female","Thousand",""
"Population Estimates (Persons in April)","1963","0 - 14 years","Both sexes","Thousand","888.1"
"Population Estimates (Persons in April)","1963","0 - 14 years","Male","Thousand","454"
"Population Estimates (Persons in April)","1963","0 - 14 years","Female","Thousand","434.1"
"Population Estimates (Persons in April)","1963","1 - 4 years","Both sexes","Thousand","245.3"
"Population Estimates (Persons in April)","1963","1 - 4 years","Male","Thousand","125.1"
"Population Estimates (Persons in April)","1963","1 - 4 years","Female","Thousand","120.2"
"Population Estimates (Persons in April)","1963","5 - 9 years","Both sexes","Thousand","292.7"
"Population Estimates (Persons in April)","1963","5 - 9 years","Male","Thousand","149.5"
"Population Estimates (Persons in April)","1963","5 - 9 years","Female","Thousand","143.2"
"Population Estimates (Persons in April)","1963","10 - 14 years","Both sexes","Thousand","288"
"Population Estimates (Persons in April)","1963","10 - 14 years","Male","Thousand","147.6"
"Population Estimates (Persons in April)","1963","10 - 14 years","Female","Thousand","140.4"
"Population Estimates (Persons in April)","1963","15 - 19 years","Both sexes","Thousand","244.3"
"Population Estimates (Persons in April)","1963","15 - 19 years","Male","Thousand","125.7"
"Population Estimates (Persons in April)","1963","15 - 19 years","Female","Thousand","118.6"
"Population Estimates (Persons in April)","1963","15 - 24 years","Both sexes","Thousand","413.5"
"Population Estimates (Persons in April)","1963","15 - 24 years","Male","Thousand","212"
"Population Estimates (Persons in April)","1963","15 - 24 years","Female","Thousand","201.5"
"Population Estimates (Persons in April)","1963","15 years and over","Both sexes","Thousand","1961.9"
"Population Estimates (Persons in April)","1963","15 years and over","Male","Thousand","978.7"
"Population Estimates (Persons in April)","1963","15 years and over","Female","Thousand","983.2"
"Population Estimates (Persons in April)","1963","20 - 24 years","Both sexes","Thousand","169.2"
"Population Estimates (Persons in April)","1963","20 - 24 years","Male","Thousand","86.3"
"Population Estimates (Persons in April)","1963","20 - 24 years","Female","Thousand","82.9"
"Population Estimates (Persons in April)","1963","25 - 29 years","Both sexes","Thousand","147.2"
"Population Estimates (Persons in April)","1963","25 - 29 years","Male","Thousand","73.5"
"Population Estimates (Persons in April)","1963","25 - 29 years","Female","Thousand","73.7"
"Population Estimates (Persons in April)","1963","25 - 44 years","Both sexes","Thousand","627.9"
"Population Estimates (Persons in April)","1963","25 - 44 years","Male","Thousand","311.6"
"Population Estimates (Persons in April)","1963","25 - 44 years","Female","Thousand","316.3"
"Population Estimates (Persons in April)","1963","30 - 34 years","Both sexes","Thousand","150.6"
"Population Estimates (Persons in April)","1963","30 - 34 years","Male","Thousand","74.8"
"Population Estimates (Persons in April)","1963","30 - 34 years","Female","Thousand","75.8"
"Population Estimates (Persons in April)","1963","35 - 39 years","Both sexes","Thousand","162.2"
"Population Estimates (Persons in April)","1963","35 - 39 years","Male","Thousand","79.8"
"Population Estimates (Persons in April)","1963","35 - 39 years","Female","Thousand","82.4"
"Population Estimates (Persons in April)","1963","40 - 44 years","Both sexes","Thousand","167.9"
"Population Estimates (Persons in April)","1963","40 - 44 years","Male","Thousand","83.5"
"Population Estimates (Persons in April)","1963","40 - 44 years","Female","Thousand","84.4"
"Population Estimates (Persons in April)","1963","45 - 49 years","Both sexes","Thousand","171.8"
"Population Estimates (Persons in April)","1963","45 - 49 years","Male","Thousand","87.1"
"Population Estimates (Persons in April)","1963","45 - 49 years","Female","Thousand","84.7"
"Population Estimates (Persons in April)","1963","45 - 64 years","Both sexes","Thousand","601.5"
"Population Estimates (Persons in April)","1963","45 - 64 years","Male","Thousand","305.1"
"Population Estimates (Persons in April)","1963","45 - 64 years","Female","Thousand","296.4"
"Population Estimates (Persons in April)","1963","50 - 54 years","Both sexes","Thousand","160.5"
"Population Estimates (Persons in April)","1963","50 - 54 years","Male","Thousand","82.9"
"Population Estimates (Persons in April)","1963","50 - 54 years","Female","Thousand","77.6"
"Population Estimates (Persons in April)","1963","55 - 59 years","Both sexes","Thousand","140.7"
"Population Estimates (Persons in April)","1963","55 - 59 years","Male","Thousand","71.6"
"Population Estimates (Persons in April)","1963","55 - 59 years","Female","Thousand","69.1"
"Population Estimates (Persons in April)","1963","60 - 64 years","Both sexes","Thousand","128.5"
"Population Estimates (Persons in April)","1963","60 - 64 years","Male","Thousand","63.5"
"Population Estimates (Persons in April)","1963","60 - 64 years","Female","Thousand","65"
"Population Estimates (Persons in April)","1963","65 - 69 years","Both sexes","Thousand","107.9"
"Population Estimates (Persons in April)","1963","65 - 69 years","Male","Thousand","52.8"
"Population Estimates (Persons in April)","1963","65 - 69 years","Female","Thousand","55.1"
"Population Estimates (Persons in April)","1963","65 years and over","Both sexes","Thousand","319"
"Population Estimates (Persons in April)","1963","65 years and over","Male","Thousand","150"
"Population Estimates (Persons in April)","1963","65 years and over","Female","Thousand","169"
"Population Estimates (Persons in April)","1963","70 - 74 years","Both sexes","Thousand","92"
"Population Estimates (Persons in April)","1963","70 - 74 years","Male","Thousand","43.5"
"Population Estimates (Persons in April)","1963","70 - 74 years","Female","Thousand","48.5"
"Population Estimates (Persons in April)","1963","75 - 79 years","Both sexes","Thousand","63.2"
"Population Estimates (Persons in April)","1963","75 - 79 years","Male","Thousand","29.4"
"Population Estimates (Persons in April)","1963","75 - 79 years","Female","Thousand","33.8"
"Population Estimates (Persons in April)","1963","80 - 84 years","Both sexes","Thousand","36.6"
"Population Estimates (Persons in April)","1963","80 - 84 years","Male","Thousand","16.4"
"Population Estimates (Persons in April)","1963","80 - 84 years","Female","Thousand","20.2"
"Population Estimates (Persons in April)","1963","85 years and over","Both sexes","Thousand","19.3"
"Population Estimates (Persons in April)","1963","85 years and over","Male","Thousand","7.9"
"Population Estimates (Persons in April)","1963","85 years and over","Female","Thousand","11.4"
"Population Estimates (Persons in April)","1963","All ages","Both sexes","Thousand","2850"
"Population Estimates (Persons in April)","1963","All ages","Male","Thousand","1432.7"
"Population Estimates (Persons in April)","1963","All ages","Female","Thousand","1417.3"
"Population Estimates (Persons in April)","1964","Under 1 year","Both sexes","Thousand","62.9"
"Population Estimates (Persons in April)","1964","Under 1 year","Male","Thousand","32.1"
"Population Estimates (Persons in April)","1964","Under 1 year","Female","Thousand","30.8"
"Population Estimates (Persons in April)","1964","0 - 4 years","Both sexes","Thousand",""
"Population Estimates (Persons in April)","1964","0 - 4 years","Male","Thousand",""
"Population Estimates (Persons in April)","1964","0 - 4 years","Female","Thousand",""
"Population Estimates (Persons in April)","1964","0 - 14 years","Both sexes","Thousand","893"
"Population Estimates (Persons in April)","1964","0 - 14 years","Male","Thousand","456.3"
"Population Estimates (Persons in April)","1964","0 - 14 years","Female","Thousand","436.7"
"Population Estimates (Persons in April)","1964","1 - 4 years","Both sexes","Thousand","247.6"
"Population Estimates (Persons in April)","1964","1 - 4 years","Male","Thousand","126.4"
"Population Estimates (Persons in April)","1964","1 - 4 years","Female","Thousand","121.2"
"Population Estimates (Persons in April)","1964","5 - 9 years","Both sexes","Thousand","295.1"
"Population Estimates (Persons in April)","1964","5 - 9 years","Male","Thousand","150.7"
"Population Estimates (Persons in April)","1964","5 - 9 years","Female","Thousand","144.4"
"Population Estimates (Persons in April)","1964","10 - 14 years","Both sexes","Thousand","287.4"
"Population Estimates (Persons in April)","1964","10 - 14 years","Male","Thousand","147.1"
"Population Estimates (Persons in April)","1964","10 - 14 years","Female","Thousand","140.3"
"Population Estimates (Persons in April)","1964","15 - 19 years","Both sexes","Thousand","249.6"
"Population Estimates (Persons in April)","1964","15 - 19 years","Male","Thousand","128.4"
"Population Estimates (Persons in April)","1964","15 - 19 years","Female","Thousand","121.2"
"Population Estimates (Persons in April)","1964","15 - 24 years","Both sexes","Thousand","424.3"
"Population Estimates (Persons in April)","1964","15 - 24 years","Male","Thousand","217.6"
"Population Estimates (Persons in April)","1964","15 - 24 years","Female","Thousand","206.7"
"Population Estimates (Persons in April)","1964","15 years and over","Both sexes","Thousand","1970.8"
"Population Estimates (Persons in April)","1964","15 years and over","Male","Thousand","983.5"
"Population Estimates (Persons in April)","1964","15 years and over","Female","Thousand","987.3"
"Population Estimates (Persons in April)","1964","20 - 24 years","Both sexes","Thousand","174.7"
"Population Estimates (Persons in April)","1964","20 - 24 years","Male","Thousand","89.2"
"Population Estimates (Persons in April)","1964","20 - 24 years","Female","Thousand","85.5"
"Population Estimates (Persons in April)","1964","25 - 29 years","Both sexes","Thousand","148.1"
"Population Estimates (Persons in April)","1964","25 - 29 years","Male","Thousand","74.1"
"Population Estimates (Persons in April)","1964","25 - 29 years","Female","Thousand","74"
"Population Estimates (Persons in April)","1964","25 - 44 years","Both sexes","Thousand","623.9"
"Population Estimates (Persons in April)","1964","25 - 44 years","Male","Thousand","310.3"
"Population Estimates (Persons in April)","1964","25 - 44 years","Female","Thousand","313.6"
"Population Estimates (Persons in April)","1964","30 - 34 years","Both sexes","Thousand","149.4"
"Population Estimates (Persons in April)","1964","30 - 34 years","Male","Thousand","74.6"
"Population Estimates (Persons in April)","1964","30 - 34 years","Female","Thousand","74.8"
"Population Estimates (Persons in April)","1964","35 - 39 years","Both sexes","Thousand","159.8"
"Population Estimates (Persons in April)","1964","35 - 39 years","Male","Thousand","78.8"
"Population Estimates (Persons in April)","1964","35 - 39 years","Female","Thousand","81"
"Population Estimates (Persons in April)","1964","40 - 44 years","Both sexes","Thousand","166.6"
"Population Estimates (Persons in April)","1964","40 - 44 years","Male","Thousand","82.8"
"Population Estimates (Persons in April)","1964","40 - 44 years","Female","Thousand","83.8"
"Population Estimates (Persons in April)","1964","45 - 49 years","Both sexes","Thousand","170.1"
"Population Estimates (Persons in April)","1964","45 - 49 years","Male","Thousand","86"
"Population Estimates (Persons in April)","1964","45 - 49 years","Female","Thousand","84.1"
"Population Estimates (Persons in April)","1964","45 - 64 years","Both sexes","Thousand","602.1"
"Population Estimates (Persons in April)","1964","45 - 64 years","Male","Thousand","305.5"
"Population Estimates (Persons in April)","1964","45 - 64 years","Female","Thousand","296.6"
"Population Estimates (Persons in April)","1964","50 - 54 years","Both sexes","Thousand","162.1"
"Population Estimates (Persons in April)","1964","50 - 54 years","Male","Thousand","83.5"
"Population Estimates (Persons in April)","1964","50 - 54 years","Female","Thousand","78.6"
"Population Estimates (Persons in April)","1964","55 - 59 years","Both sexes","Thousand","142.9"
"Population Estimates (Persons in April)","1964","55 - 59 years","Male","Thousand","73.1"
"Population Estimates (Persons in April)","1964","55 - 59 years","Female","Thousand","69.8"
"Population Estimates (Persons in April)","1964","60 - 64 years","Both sexes","Thousand","127"
"Population Estimates (Persons in April)","1964","60 - 64 years","Male","Thousand","62.9"
"Population Estimates (Persons in April)","1964","60 - 64 years","Female","Thousand","64.1"
"Population Estimates (Persons in April)","1964","65 - 69 years","Both sexes","Thousand","110.1"
"Population Estimates (Persons in April)","1964","65 - 69 years","Male","Thousand","53.6"
"Population Estimates (Persons in April)","1964","65 - 69 years","Female","Thousand","56.5"
"Population Estimates (Persons in April)","1964","65 years and over","Both sexes","Thousand","320.5"
"Population Estimates (Persons in April)","1964","65 years and over","Male","Thousand","150.1"
"Population Estimates (Persons in April)","1964","65 years and over","Female","Thousand","170.4"
"Population Estimates (Persons in April)","1964","70 - 74 years","Both sexes","Thousand","91.4"
"Population Estimates (Persons in April)","1964","70 - 74 years","Male","Thousand","43.1"
"Population Estimates (Persons in April)","1964","70 - 74 years","Female","Thousand","48.3"
"Population Estimates (Persons in April)","1964","75 - 79 years","Both sexes","Thousand","63.1"
"Population Estimates (Persons in April)","1964","75 - 79 years","Male","Thousand","29.2"
"Population Estimates (Persons in April)","1964","75 - 79 years","Female","Thousand","33.9"
"Population Estimates (Persons in April)","1964","80 - 84 years","Both sexes","Thousand","36.3"
"Population Estimates (Persons in April)","1964","80 - 84 years","Male","Thousand","16.2"
"Population Estimates (Persons in April)","1964","80 - 84 years","Female","Thousand","20.1"
"Population Estimates (Persons in April)","1964","85 years and over","Both sexes","Thousand","19.6"
"Population Estimates (Persons in April)","1964","85 years and over","Male","Thousand","8"
"Population Estimates (Persons in April)","1964","85 years and over","Female","Thousand","11.6"
"Population Estimates (Persons in April)","1964","All ages","Both sexes","Thousand","2863.8"
"Population Estimates (Persons in April)","1964","All ages","Male","Thousand","1439.8"
"Population Estimates (Persons in April)","1964","All ages","Female","Thousand","1424"
"Population Estimates (Persons in April)","1965","Under 1 year","Both sexes","Thousand","62.4"
"Population Estimates (Persons in April)","1965","Under 1 year","Male","Thousand","31.8"
"Population Estimates (Persons in April)","1965","Under 1 year","Female","Thousand","30.6"
"Population Estimates (Persons in April)","1965","0 - 4 years","Both sexes","Thousand",""
"Population Estimates (Persons in April)","1965","0 - 4 years","Male","Thousand",""
"Population Estimates (Persons in April)","1965","0 - 4 years","Female","Thousand",""
"Population Estimates (Persons in April)","1965","0 - 14 years","Both sexes","Thousand","897.2"
"Population Estimates (Persons in April)","1965","0 - 14 years","Male","Thousand","458.3"
"Population Estimates (Persons in April)","1965","0 - 14 years","Female","Thousand","438.9"
"Population Estimates (Persons in April)","1965","1 - 4 years","Both sexes","Thousand","251"
"Population Estimates (Persons in April)","1965","1 - 4 years","Male","Thousand","128.3"
"Population Estimates (Persons in April)","1965","1 - 4 years","Female","Thousand","122.7"
"Population Estimates (Persons in April)","1965","5 - 9 years","Both sexes","Thousand","297.2"
"Population Estimates (Persons in April)","1965","5 - 9 years","Male","Thousand","151.7"
"Population Estimates (Persons in April)","1965","5 - 9 years","Female","Thousand","145.5"
"Population Estimates (Persons in April)","1965","10 - 14 years","Both sexes","Thousand","286.6"
"Population Estimates (Persons in April)","1965","10 - 14 years","Male","Thousand","146.5"
"Population Estimates (Persons in April)","1965","10 - 14 years","Female","Thousand","140.1"
"Population Estimates (Persons in April)","1965","15 - 19 years","Both sexes","Thousand","254.6"
"Population Estimates (Persons in April)","1965","15 - 19 years","Male","Thousand","131"
"Population Estimates (Persons in April)","1965","15 - 19 years","Female","Thousand","123.6"
"Population Estimates (Persons in April)","1965","15 - 24 years","Both sexes","Thousand","434.7"
"Population Estimates (Persons in April)","1965","15 - 24 years","Male","Thousand","223"
"Population Estimates (Persons in April)","1965","15 - 24 years","Female","Thousand","211.7"
"Population Estimates (Persons in April)","1965","15 years and over","Both sexes","Thousand","1978.6"
"Population Estimates (Persons in April)","1965","15 years and over","Male","Thousand","987.5"
"Population Estimates (Persons in April)","1965","15 years and over","Female","Thousand","991.1"
"Population Estimates (Persons in April)","1965","20 - 24 years","Both sexes","Thousand","180.1"
"Population Estimates (Persons in April)","1965","20 - 24 years","Male","Thousand","92"
"Population Estimates (Persons in April)","1965","20 - 24 years","Female","Thousand","88.1"
"Population Estimates (Persons in April)","1965","25 - 29 years","Both sexes","Thousand","148.8"
"Population Estimates (Persons in April)","1965","25 - 29 years","Male","Thousand","74.6"
"Population Estimates (Persons in April)","1965","25 - 29 years","Female","Thousand","74.2"
"Population Estimates (Persons in April)","1965","25 - 44 years","Both sexes","Thousand","619.4"
"Population Estimates (Persons in April)","1965","25 - 44 years","Male","Thousand","308.7"
"Population Estimates (Persons in April)","1965","25 - 44 years","Female","Thousand","310.7"
"Population Estimates (Persons in April)","1965","30 - 34 years","Both sexes","Thousand","148.2"
"Population Estimates (Persons in April)","1965","30 - 34 years","Male","Thousand","74.3"
"Population Estimates (Persons in April)","1965","30 - 34 years","Female","Thousand","73.9"
"Population Estimates (Persons in April)","1965","35 - 39 years","Both sexes","Thousand","157.2"
"Population Estimates (Persons in April)","1965","35 - 39 years","Male","Thousand","77.8"
"Population Estimates (Persons in April)","1965","35 - 39 years","Female","Thousand","79.4"
"Population Estimates (Persons in April)","1965","40 - 44 years","Both sexes","Thousand","165.2"
"Population Estimates (Persons in April)","1965","40 - 44 years","Male","Thousand","82"
"Population Estimates (Persons in April)","1965","40 - 44 years","Female","Thousand","83.2"
"Population Estimates (Persons in April)","1965","45 - 49 years","Both sexes","Thousand","168.4"
"Population Estimates (Persons in April)","1965","45 - 49 years","Male","Thousand","84.9"
"Population Estimates (Persons in April)","1965","45 - 49 years","Female","Thousand","83.5"
"Population Estimates (Persons in April)","1965","45 - 64 years","Both sexes","Thousand","602.6"
"Population Estimates (Persons in April)","1965","45 - 64 years","Male","Thousand","305.7"
"Population Estimates (Persons in April)","1965","45 - 64 years","Female","Thousand","296.9"
"Population Estimates (Persons in April)","1965","50 - 54 years","Both sexes","Thousand","163.7"
"Population Estimates (Persons in April)","1965","50 - 54 years","Male","Thousand","84"
"Population Estimates (Persons in April)","1965","50 - 54 years","Female","Thousand","79.7"
"Population Estimates (Persons in April)","1965","55 - 59 years","Both sexes","Thousand","145"
"Population Estimates (Persons in April)","1965","55 - 59 years","Male","Thousand","74.5"
"Population Estimates (Persons in April)","1965","55 - 59 years","Female","Thousand","70.5"
"Population Estimates (Persons in April)","1965","60 - 64 years","Both sexes","Thousand","125.5"
"Population Estimates (Persons in April)","1965","60 - 64 years","Male","Thousand","62.3"
"Population Estimates (Persons in April)","1965","60 - 64 years","Female","Thousand","63.2"
"Population Estimates (Persons in April)","1965","65 - 69 years","Both sexes","Thousand","112.3"
"Population Estimates (Persons in April)","1965","65 - 69 years","Male","Thousand","54.4"
"Population Estimates (Persons in April)","1965","65 - 69 years","Female","Thousand","57.9"
"Population Estimates (Persons in April)","1965","65 years and over","Both sexes","Thousand","321.9"
"Population Estimates (Persons in April)","1965","65 years and over","Male","Thousand","150.1"
"Population Estimates (Persons in April)","1965","65 years and over","Female","Thousand","171.8"
"Population Estimates (Persons in April)","1965","70 - 74 years","Both sexes","Thousand","90.8"
"Population Estimates (Persons in April)","1965","70 - 74 years","Male","Thousand","42.7"
"Population Estimates (Persons in April)","1965","70 - 74 years","Female","Thousand","48.1"
"Population Estimates (Persons in April)","1965","75 - 79 years","Both sexes","Thousand","63"
"Population Estimates (Persons in April)","1965","75 - 79 years","Male","Thousand","29"
"Population Estimates (Persons in April)","1965","75 - 79 years","Female","Thousand","34"
"Population Estimates (Persons in April)","1965","80 - 84 years","Both sexes","Thousand","35.9"
"Population Estimates (Persons in April)","1965","80 - 84 years","Male","Thousand","16"
"Population Estimates (Persons in April)","1965","80 - 84 years","Female","Thousand","19.9"
"Population Estimates (Persons in April)","1965","85 years and over","Both sexes","Thousand","19.9"
"Population Estimates (Persons in April)","1965","85 years and over","Male","Thousand","8"
"Population Estimates (Persons in April)","1965","85 years and over","Female","Thousand","11.9"
"Population Estimates (Persons in April)","1965","All ages","Both sexes","Thousand","2875.8"
"Population Estimates (Persons in April)","1965","All ages","Male","Thousand","1445.8"
"Population Estimates (Persons in April)","1965","All ages","Female","Thousand","1430"
"Population Estimates (Persons in April)","1966","Under 1 year","Both sexes","Thousand","63.6"
"Population Estimates (Persons in April)","1966","Under 1 year","Male","Thousand","32.5"
"Population Estimates (Persons in April)","1966","Under 1 year","Female","Thousand","31.1"
"Population Estimates (Persons in April)","1966","0 - 4 years","Both sexes","Thousand","315.9"
"Population Estimates (Persons in April)","1966","0 - 4 years","Male","Thousand","161.3"
"Population Estimates (Persons in April)","1966","0 - 4 years","Female","Thousand","154.6"
"Population Estimates (Persons in April)","1966","0 - 14 years","Both sexes","Thousand","900.4"
"Population Estimates (Persons in April)","1966","0 - 14 years","Male","Thousand","459.4"
"Population Estimates (Persons in April)","1966","0 - 14 years","Female","Thousand","441"
"Population Estimates (Persons in April)","1966","1 - 4 years","Both sexes","Thousand","252.3"
"Population Estimates (Persons in April)","1966","1 - 4 years","Male","Thousand","128.8"
"Population Estimates (Persons in April)","1966","1 - 4 years","Female","Thousand","123.5"
"Population Estimates (Persons in April)","1966","5 - 9 years","Both sexes","Thousand","299"
"Population Estimates (Persons in April)","1966","5 - 9 years","Male","Thousand","152.4"
"Population Estimates (Persons in April)","1966","5 - 9 years","Female","Thousand","146.5"
"Population Estimates (Persons in April)","1966","10 - 14 years","Both sexes","Thousand","285.5"
"Population Estimates (Persons in April)","1966","10 - 14 years","Male","Thousand","145.6"
"Population Estimates (Persons in April)","1966","10 - 14 years","Female","Thousand","139.8"
"Population Estimates (Persons in April)","1966","15 - 19 years","Both sexes","Thousand","259.4"
"Population Estimates (Persons in April)","1966","15 - 19 years","Male","Thousand","133.3"
"Population Estimates (Persons in April)","1966","15 - 19 years","Female","Thousand","126"
"Population Estimates (Persons in April)","1966","15 - 24 years","Both sexes","Thousand","444.6"
"Population Estimates (Persons in April)","1966","15 - 24 years","Male","Thousand","228.1"
"Population Estimates (Persons in April)","1966","15 - 24 years","Female","Thousand","216.6"
"Population Estimates (Persons in April)","1966","15 years and over","Both sexes","Thousand","1983.6"
"Population Estimates (Persons in April)","1966","15 years and over","Male","Thousand","989.6"
"Population Estimates (Persons in April)","1966","15 years and over","Female","Thousand","994"
"Population Estimates (Persons in April)","1966","20 - 24 years","Both sexes","Thousand","185.3"
"Population Estimates (Persons in April)","1966","20 - 24 years","Male","Thousand","94.7"
"Population Estimates (Persons in April)","1966","20 - 24 years","Female","Thousand","90.6"
"Population Estimates (Persons in April)","1966","25 - 29 years","Both sexes","Thousand","149.3"
"Population Estimates (Persons in April)","1966","25 - 29 years","Male","Thousand","75"
"Population Estimates (Persons in April)","1966","25 - 29 years","Female","Thousand","74.3"
"Population Estimates (Persons in April)","1966","25 - 44 years","Both sexes","Thousand","613.6"
"Population Estimates (Persons in April)","1966","25 - 44 years","Male","Thousand","306.2"
"Population Estimates (Persons in April)","1966","25 - 44 years","Female","Thousand","307.4"
"Population Estimates (Persons in April)","1966","30 - 34 years","Both sexes","Thousand","146.6"
"Population Estimates (Persons in April)","1966","30 - 34 years","Male","Thousand","73.8"
"Population Estimates (Persons in April)","1966","30 - 34 years","Female","Thousand","72.8"
"Population Estimates (Persons in April)","1966","35 - 39 years","Both sexes","Thousand","154.3"
"Population Estimates (Persons in April)","1966","35 - 39 years","Male","Thousand","76.5"
"Population Estimates (Persons in April)","1966","35 - 39 years","Female","Thousand","77.8"
"Population Estimates (Persons in April)","1966","40 - 44 years","Both sexes","Thousand","163.4"
"Population Estimates (Persons in April)","1966","40 - 44 years","Male","Thousand","81"
"Population Estimates (Persons in April)","1966","40 - 44 years","Female","Thousand","82.4"
"Population Estimates (Persons in April)","1966","45 - 49 years","Both sexes","Thousand","166.5"
"Population Estimates (Persons in April)","1966","45 - 49 years","Male","Thousand","83.6"
"Population Estimates (Persons in April)","1966","45 - 49 years","Female","Thousand","82.9"
"Population Estimates (Persons in April)","1966","45 - 64 years","Both sexes","Thousand","602.4"
"Population Estimates (Persons in April)","1966","45 - 64 years","Male","Thousand","305.4"
"Population Estimates (Persons in April)","1966","45 - 64 years","Female","Thousand","297"
"Population Estimates (Persons in April)","1966","50 - 54 years","Both sexes","Thousand","165"
"Population Estimates (Persons in April)","1966","50 - 54 years","Male","Thousand","84.3"
"Population Estimates (Persons in April)","1966","50 - 54 years","Female","Thousand","80.6"
"Population Estimates (Persons in April)","1966","55 - 59 years","Both sexes","Thousand","147.1"
"Population Estimates (Persons in April)","1966","55 - 59 years","Male","Thousand","75.8"
"Population Estimates (Persons in April)","1966","55 - 59 years","Female","Thousand","71.2"
"Population Estimates (Persons in April)","1966","60 - 64 years","Both sexes","Thousand","123.8"
"Population Estimates (Persons in April)","1966","60 - 64 years","Male","Thousand","61.6"
"Population Estimates (Persons in April)","1966","60 - 64 years","Female","Thousand","62.2"
"Population Estimates (Persons in April)","1966","65 - 69 years","Both sexes","Thousand","114.2"
"Population Estimates (Persons in April)","1966","65 - 69 years","Male","Thousand","55"
"Population Estimates (Persons in April)","1966","65 - 69 years","Female","Thousand","59.2"
"Population Estimates (Persons in April)","1966","65 years and over","Both sexes","Thousand","323"
"Population Estimates (Persons in April)","1966","65 years and over","Male","Thousand","149.9"
"Population Estimates (Persons in April)","1966","65 years and over","Female","Thousand","173.1"
"Population Estimates (Persons in April)","1966","70 - 74 years","Both sexes","Thousand","90.1"
"Population Estimates (Persons in April)","1966","70 - 74 years","Male","Thousand","42.2"
"Population Estimates (Persons in April)","1966","70 - 74 years","Female","Thousand","47.9"
"Population Estimates (Persons in April)","1966","75 - 79 years","Both sexes","Thousand","62.8"
"Population Estimates (Persons in April)","1966","75 - 79 years","Male","Thousand","28.7"
"Population Estimates (Persons in April)","1966","75 - 79 years","Female","Thousand","34.1"
"Population Estimates (Persons in April)","1966","80 - 84 years","Both sexes","Thousand","35.6"
"Population Estimates (Persons in April)","1966","80 - 84 years","Male","Thousand","15.8"
"Population Estimates (Persons in April)","1966","80 - 84 years","Female","Thousand","19.8"
"Population Estimates (Persons in April)","1966","85 years and over","Both sexes","Thousand","20.3"
"Population Estimates (Persons in April)","1966","85 years and over","Male","Thousand","8.1"
"Population Estimates (Persons in April)","1966","85 years and over","Female","Thousand","12.2"
"Population Estimates (Persons in April)","1966","All ages","Both sexes","Thousand","2884"
"Population Estimates (Persons in April)","1966","All ages","Male","Thousand","1449"
"Population Estimates (Persons in April)","1966","All ages","Female","Thousand","1435"
"Population Estimates (Persons in April)","1967","Under 1 year","Both sexes","Thousand","60.2"
"Population Estimates (Persons in April)","1967","Under 1 year","Male","Thousand","31"
"Population Estimates (Persons in April)","1967","Under 1 year","Female","Thousand","29.2"
"Population Estimates (Persons in April)","1967","0 - 4 years","Both sexes","Thousand",""
"Population Estimates (Persons in April)","1967","0 - 4 years","Male","Thousand",""
"Population Estimates (Persons in April)","1967","0 - 4 years","Female","Thousand",""
"Population Estimates (Persons in April)","1967","0 - 14 years","Both sexes","Thousand","905.3"
"Population Estimates (Persons in April)","1967","0 - 14 years","Male","Thousand","462.1"
"Population Estimates (Persons in April)","1967","0 - 14 years","Female","Thousand","443.2"
"Population Estimates (Persons in April)","1967","1 - 4 years","Both sexes","Thousand","255.4"
"Population Estimates (Persons in April)","1967","1 - 4 years","Male","Thousand","130.3"
"Population Estimates (Persons in April)","1967","1 - 4 years","Female","Thousand","125.1"
"Population Estimates (Persons in April)","1967","5 - 9 years","Both sexes","Thousand","302.1"
"Population Estimates (Persons in April)","1967","5 - 9 years","Male","Thousand","154.1"
"Population Estimates (Persons in April)","1967","5 - 9 years","Female","Thousand","148"
"Population Estimates (Persons in April)","1967","10 - 14 years","Both sexes","Thousand","287.6"
"Population Estimates (Persons in April)","1967","10 - 14 years","Male","Thousand","146.7"
"Population Estimates (Persons in April)","1967","10 - 14 years","Female","Thousand","140.9"
"Population Estimates (Persons in April)","1967","15 - 19 years","Both sexes","Thousand","260.7"
"Population Estimates (Persons in April)","1967","15 - 19 years","Male","Thousand","133.9"
"Population Estimates (Persons in April)","1967","15 - 19 years","Female","Thousand","126.8"
"Population Estimates (Persons in April)","1967","15 - 24 years","Both sexes","Thousand","451.7"
"Population Estimates (Persons in April)","1967","15 - 24 years","Male","Thousand","231.5"
"Population Estimates (Persons in April)","1967","15 - 24 years","Female","Thousand","220.2"
"Population Estimates (Persons in April)","1967","15 years and over","Both sexes","Thousand","1994.4"
"Population Estimates (Persons in April)","1967","15 years and over","Male","Thousand","994.9"
"Population Estimates (Persons in April)","1967","15 years and over","Female","Thousand","999.5"
"Population Estimates (Persons in April)","1967","20 - 24 years","Both sexes","Thousand","191"
"Population Estimates (Persons in April)","1967","20 - 24 years","Male","Thousand","97.6"
"Population Estimates (Persons in April)","1967","20 - 24 years","Female","Thousand","93.4"
"Population Estimates (Persons in April)","1967","25 - 29 years","Both sexes","Thousand","153.9"
"Population Estimates (Persons in April)","1967","25 - 29 years","Male","Thousand","77.4"
"Population Estimates (Persons in April)","1967","25 - 29 years","Female","Thousand","76.5"
"Population Estimates (Persons in April)","1967","25 - 44 years","Both sexes","Thousand","615.7"
"Population Estimates (Persons in April)","1967","25 - 44 years","Male","Thousand","308.1"
"Population Estimates (Persons in April)","1967","25 - 44 years","Female","Thousand","307.6"
"Population Estimates (Persons in April)","1967","30 - 34 years","Both sexes","Thousand","147.4"
"Population Estimates (Persons in April)","1967","30 - 34 years","Male","Thousand","74.4"
"Population Estimates (Persons in April)","1967","30 - 34 years","Female","Thousand","73"
"Population Estimates (Persons in April)","1967","35 - 39 years","Both sexes","Thousand","153.2"
"Population Estimates (Persons in April)","1967","35 - 39 years","Male","Thousand","76.3"
"Population Estimates (Persons in April)","1967","35 - 39 years","Female","Thousand","76.9"
"Population Estimates (Persons in April)","1967","40 - 44 years","Both sexes","Thousand","161.2"
"Population Estimates (Persons in April)","1967","40 - 44 years","Male","Thousand","80"
"Population Estimates (Persons in April)","1967","40 - 44 years","Female","Thousand","81.2"
"Population Estimates (Persons in April)","1967","45 - 49 years","Both sexes","Thousand","165.2"
"Population Estimates (Persons in April)","1967","45 - 49 years","Male","Thousand","82.8"
"Population Estimates (Persons in April)","1967","45 - 49 years","Female","Thousand","82.4"
"Population Estimates (Persons in April)","1967","45 - 64 years","Both sexes","Thousand","602.9"
"Population Estimates (Persons in April)","1967","45 - 64 years","Male","Thousand","305.4"
"Population Estimates (Persons in April)","1967","45 - 64 years","Female","Thousand","297.5"
"Population Estimates (Persons in April)","1967","50 - 54 years","Both sexes","Thousand","163.6"
"Population Estimates (Persons in April)","1967","50 - 54 years","Male","Thousand","83.4"
"Population Estimates (Persons in April)","1967","50 - 54 years","Female","Thousand","80.2"
"Population Estimates (Persons in April)","1967","55 - 59 years","Both sexes","Thousand","148.4"
"Population Estimates (Persons in April)","1967","55 - 59 years","Male","Thousand","76.3"
"Population Estimates (Persons in April)","1967","55 - 59 years","Female","Thousand","72.1"
"Population Estimates (Persons in April)","1967","60 - 64 years","Both sexes","Thousand","125.7"
"Population Estimates (Persons in April)","1967","60 - 64 years","Male","Thousand","62.9"
"Population Estimates (Persons in April)","1967","60 - 64 years","Female","Thousand","62.8"
"Population Estimates (Persons in April)","1967","65 - 69 years","Both sexes","Thousand","113.7"
"Population Estimates (Persons in April)","1967","65 - 69 years","Male","Thousand","54.9"
"Population Estimates (Persons in April)","1967","65 - 69 years","Female","Thousand","58.8"
"Population Estimates (Persons in April)","1967","65 years and over","Both sexes","Thousand","324.1"
"Population Estimates (Persons in April)","1967","65 years and over","Male","Thousand","149.9"
"Population Estimates (Persons in April)","1967","65 years and over","Female","Thousand","174.2"
"Population Estimates (Persons in April)","1967","70 - 74 years","Both sexes","Thousand","91.7"
"Population Estimates (Persons in April)","1967","70 - 74 years","Male","Thousand","42.6"
"Population Estimates (Persons in April)","1967","70 - 74 years","Female","Thousand","49.1"
"Population Estimates (Persons in April)","1967","75 - 79 years","Both sexes","Thousand","62.5"
"Population Estimates (Persons in April)","1967","75 - 79 years","Male","Thousand","28.5"
"Population Estimates (Persons in April)","1967","75 - 79 years","Female","Thousand","34"
"Population Estimates (Persons in April)","1967","80 - 84 years","Both sexes","Thousand","35.8"
"Population Estimates (Persons in April)","1967","80 - 84 years","Male","Thousand","15.8"
"Population Estimates (Persons in April)","1967","80 - 84 years","Female","Thousand","20"
"Population Estimates (Persons in April)","1967","85 years and over","Both sexes","Thousand","20.4"
"Population Estimates (Persons in April)","1967","85 years and over","Male","Thousand","8.1"
"Population Estimates (Persons in April)","1967","85 years and over","Female","Thousand","12.3"
"Population Estimates (Persons in April)","1967","All ages","Both sexes","Thousand","2899.7"
"Population Estimates (Persons in April)","1967","All ages","Male","Thousand","1457"
"Population Estimates (Persons in April)","1967","All ages","Female","Thousand","1442.7"
"Population Estimates (Persons in April)","1968","Under 1 year","Both sexes","Thousand","60.1"
"Population Estimates (Persons in April)","1968","Under 1 year","Male","Thousand","30.9"
"Population Estimates (Persons in April)","1968","Under 1 year","Female","Thousand","29.2"
"Population Estimates (Persons in April)","1968","0 - 4 years","Both sexes","Thousand",""
"Population Estimates (Persons in April)","1968","0 - 4 years","Male","Thousand",""
"Population Estimates (Persons in April)","1968","0 - 4 years","Female","Thousand",""
"Population Estimates (Persons in April)","1968","0 - 14 years","Both sexes","Thousand","909.4"
"Population Estimates (Persons in April)","1968","0 - 14 years","Male","Thousand","464.3"
"Population Estimates (Persons in April)","1968","0 - 14 years","Female","Thousand","445.1"
"Population Estimates (Persons in April)","1968","1 - 4 years","Both sexes","Thousand","254.7"
"Population Estimates (Persons in April)","1968","1 - 4 years","Male","Thousand","130.1"
"Population Estimates (Persons in April)","1968","1 - 4 years","Female","Thousand","124.6"
"Population Estimates (Persons in April)","1968","5 - 9 years","Both sexes","Thousand","305"
"Population Estimates (Persons in April)","1968","5 - 9 years","Male","Thousand","155.6"
"Population Estimates (Persons in April)","1968","5 - 9 years","Female","Thousand","149.4"
"Population Estimates (Persons in April)","1968","10 - 14 years","Both sexes","Thousand","289.6"
"Population Estimates (Persons in April)","1968","10 - 14 years","Male","Thousand","147.7"
"Population Estimates (Persons in April)","1968","10 - 14 years","Female","Thousand","141.9"
"Population Estimates (Persons in April)","1968","15 - 19 years","Both sexes","Thousand","261.8"
"Population Estimates (Persons in April)","1968","15 - 19 years","Male","Thousand","134.3"
"Population Estimates (Persons in April)","1968","15 - 19 years","Female","Thousand","127.5"
"Population Estimates (Persons in April)","1968","15 - 24 years","Both sexes","Thousand","458.3"
"Population Estimates (Persons in April)","1968","15 - 24 years","Male","Thousand","234.8"
"Population Estimates (Persons in April)","1968","15 - 24 years","Female","Thousand","223.5"
"Population Estimates (Persons in April)","1968","15 years and over","Both sexes","Thousand","2002.8"
"Population Estimates (Persons in April)","1968","15 years and over","Male","Thousand","999.2"
"Population Estimates (Persons in April)","1968","15 years and over","Female","Thousand","1003.6"
"Population Estimates (Persons in April)","1968","20 - 24 years","Both sexes","Thousand","196.5"
"Population Estimates (Persons in April)","1968","20 - 24 years","Male","Thousand","100.5"
"Population Estimates (Persons in April)","1968","20 - 24 years","Female","Thousand","96"
"Population Estimates (Persons in April)","1968","25 - 29 years","Both sexes","Thousand","158.1"
"Population Estimates (Persons in April)","1968","25 - 29 years","Male","Thousand","79.8"
"Population Estimates (Persons in April)","1968","25 - 29 years","Female","Thousand","78.3"
"Population Estimates (Persons in April)","1968","25 - 44 years","Both sexes","Thousand","616.9"
"Population Estimates (Persons in April)","1968","25 - 44 years","Male","Thousand","309.7"
"Population Estimates (Persons in April)","1968","25 - 44 years","Female","Thousand","307.2"
"Population Estimates (Persons in April)","1968","30 - 34 years","Both sexes","Thousand","148.1"
"Population Estimates (Persons in April)","1968","30 - 34 years","Male","Thousand","74.9"
"Population Estimates (Persons in April)","1968","30 - 34 years","Female","Thousand","73.2"
"Population Estimates (Persons in April)","1968","35 - 39 years","Both sexes","Thousand","151.9"
"Population Estimates (Persons in April)","1968","35 - 39 years","Male","Thousand","75.9"
"Population Estimates (Persons in April)","1968","35 - 39 years","Female","Thousand","76"
"Population Estimates (Persons in April)","1968","40 - 44 years","Both sexes","Thousand","158.8"
"Population Estimates (Persons in April)","1968","40 - 44 years","Male","Thousand","79.1"
"Population Estimates (Persons in April)","1968","40 - 44 years","Female","Thousand","79.7"
"Population Estimates (Persons in April)","1968","45 - 49 years","Both sexes","Thousand","163.5"
"Population Estimates (Persons in April)","1968","45 - 49 years","Male","Thousand","81.8"
"Population Estimates (Persons in April)","1968","45 - 49 years","Female","Thousand","81.7"
"Population Estimates (Persons in April)","1968","45 - 64 years","Both sexes","Thousand","602.7"
"Population Estimates (Persons in April)","1968","45 - 64 years","Male","Thousand","304.8"
"Population Estimates (Persons in April)","1968","45 - 64 years","Female","Thousand","297.9"
"Population Estimates (Persons in April)","1968","50 - 54 years","Both sexes","Thousand","162.2"
"Population Estimates (Persons in April)","1968","50 - 54 years","Male","Thousand","82.4"
"Population Estimates (Persons in April)","1968","50 - 54 years","Female","Thousand","79.8"
"Population Estimates (Persons in April)","1968","55 - 59 years","Both sexes","Thousand","149.6"
"Population Estimates (Persons in April)","1968","55 - 59 years","Male","Thousand","76.6"
"Population Estimates (Persons in April)","1968","55 - 59 years","Female","Thousand","73"
"Population Estimates (Persons in April)","1968","60 - 64 years","Both sexes","Thousand","127.4"
"Population Estimates (Persons in April)","1968","60 - 64 years","Male","Thousand","64"
"Population Estimates (Persons in April)","1968","60 - 64 years","Female","Thousand","63.4"
"Population Estimates (Persons in April)","1968","65 - 69 years","Both sexes","Thousand","113"
"Population Estimates (Persons in April)","1968","65 - 69 years","Male","Thousand","54.7"
"Population Estimates (Persons in April)","1968","65 - 69 years","Female","Thousand","58.3"
"Population Estimates (Persons in April)","1968","65 years and over","Both sexes","Thousand","324.9"
"Population Estimates (Persons in April)","1968","65 years and over","Male","Thousand","149.9"
"Population Estimates (Persons in April)","1968","65 years and over","Female","Thousand","175"
"Population Estimates (Persons in April)","1968","70 - 74 years","Both sexes","Thousand","93.4"
"Population Estimates (Persons in April)","1968","70 - 74 years","Male","Thousand","43.1"
"Population Estimates (Persons in April)","1968","70 - 74 years","Female","Thousand","50.3"
"Population Estimates (Persons in April)","1968","75 - 79 years","Both sexes","Thousand","62.2"
"Population Estimates (Persons in April)","1968","75 - 79 years","Male","Thousand","28.3"
"Population Estimates (Persons in April)","1968","75 - 79 years","Female","Thousand","33.9"
"Population Estimates (Persons in April)","1968","80 - 84 years","Both sexes","Thousand","35.8"
"Population Estimates (Persons in April)","1968","80 - 84 years","Male","Thousand","15.7"
"Population Estimates (Persons in April)","1968","80 - 84 years","Female","Thousand","20.1"
"Population Estimates (Persons in April)","1968","85 years and over","Both sexes","Thousand","20.5"
"Population Estimates (Persons in April)","1968","85 years and over","Male","Thousand","8.1"
"Population Estimates (Persons in April)","1968","85 years and over","Female","Thousand","12.4"
"Population Estimates (Persons in April)","1968","All ages","Both sexes","Thousand","2912.2"
"Population Estimates (Persons in April)","1968","All ages","Male","Thousand","1463.5"
"Population Estimates (Persons in April)","1968","All ages","Female","Thousand","1448.7"
"Population Estimates (Persons in April)","1969","Under 1 year","Both sexes","Thousand","62"
"Population Estimates (Persons in April)","1969","Under 1 year","Male","Thousand","31.6"
"Population Estimates (Persons in April)","1969","Under 1 year","Female","Thousand","30.4"
"Population Estimates (Persons in April)","1969","0 - 4 years","Both sexes","Thousand",""
"Population Estimates (Persons in April)","1969","0 - 4 years","Male","Thousand",""
"Population Estimates (Persons in April)","1969","0 - 4 years","Female","Thousand",""
"Population Estimates (Persons in April)","1969","0 - 14 years","Both sexes","Thousand","913.3"
"Population Estimates (Persons in April)","1969","0 - 14 years","Male","Thousand","466.3"
"Population Estimates (Persons in April)","1969","0 - 14 years","Female","Thousand","447"
"Population Estimates (Persons in April)","1969","1 - 4 years","Both sexes","Thousand","251.9"
"Population Estimates (Persons in April)","1969","1 - 4 years","Male","Thousand","129"
"Population Estimates (Persons in April)","1969","1 - 4 years","Female","Thousand","122.9"
"Population Estimates (Persons in April)","1969","5 - 9 years","Both sexes","Thousand","307.8"
"Population Estimates (Persons in April)","1969","5 - 9 years","Male","Thousand","157.1"
"Population Estimates (Persons in April)","1969","5 - 9 years","Female","Thousand","150.7"
"Population Estimates (Persons in April)","1969","10 - 14 years","Both sexes","Thousand","291.6"
"Population Estimates (Persons in April)","1969","10 - 14 years","Male","Thousand","148.6"
"Population Estimates (Persons in April)","1969","10 - 14 years","Female","Thousand","143"
"Population Estimates (Persons in April)","1969","15 - 19 years","Both sexes","Thousand","262.9"
"Population Estimates (Persons in April)","1969","15 - 19 years","Male","Thousand","134.7"
"Population Estimates (Persons in April)","1969","15 - 19 years","Female","Thousand","128.2"
"Population Estimates (Persons in April)","1969","15 - 24 years","Both sexes","Thousand","464.9"
"Population Estimates (Persons in April)","1969","15 - 24 years","Male","Thousand","237.9"
"Population Estimates (Persons in April)","1969","15 - 24 years","Female","Thousand","227"
"Population Estimates (Persons in April)","1969","15 years and over","Both sexes","Thousand","2011.9"
"Population Estimates (Persons in April)","1969","15 years and over","Male","Thousand","1003.7"
"Population Estimates (Persons in April)","1969","15 years and over","Female","Thousand","1008.2"
"Population Estimates (Persons in April)","1969","20 - 24 years","Both sexes","Thousand","202"
"Population Estimates (Persons in April)","1969","20 - 24 years","Male","Thousand","103.2"
"Population Estimates (Persons in April)","1969","20 - 24 years","Female","Thousand","98.8"
"Population Estimates (Persons in April)","1969","25 - 29 years","Both sexes","Thousand","162.5"
"Population Estimates (Persons in April)","1969","25 - 29 years","Male","Thousand","82.2"
"Population Estimates (Persons in April)","1969","25 - 29 years","Female","Thousand","80.3"
"Population Estimates (Persons in April)","1969","25 - 44 years","Both sexes","Thousand","618.1"
"Population Estimates (Persons in April)","1969","25 - 44 years","Male","Thousand","311"
"Population Estimates (Persons in April)","1969","25 - 44 years","Female","Thousand","307.1"
"Population Estimates (Persons in April)","1969","30 - 34 years","Both sexes","Thousand","148.7"
"Population Estimates (Persons in April)","1969","30 - 34 years","Male","Thousand","75.2"
"Population Estimates (Persons in April)","1969","30 - 34 years","Female","Thousand","73.5"
"Population Estimates (Persons in April)","1969","35 - 39 years","Both sexes","Thousand","150.6"
"Population Estimates (Persons in April)","1969","35 - 39 years","Male","Thousand","75.7"
"Population Estimates (Persons in April)","1969","35 - 39 years","Female","Thousand","74.9"
"Population Estimates (Persons in April)","1969","40 - 44 years","Both sexes","Thousand","156.3"
"Population Estimates (Persons in April)","1969","40 - 44 years","Male","Thousand","77.9"
"Population Estimates (Persons in April)","1969","40 - 44 years","Female","Thousand","78.4"
"Population Estimates (Persons in April)","1969","45 - 49 years","Both sexes","Thousand","162"
"Population Estimates (Persons in April)","1969","45 - 49 years","Male","Thousand","80.9"
"Population Estimates (Persons in April)","1969","45 - 49 years","Female","Thousand","81.1"
"Population Estimates (Persons in April)","1969","45 - 64 years","Both sexes","Thousand","602.9"
"Population Estimates (Persons in April)","1969","45 - 64 years","Male","Thousand","304.6"
"Population Estimates (Persons in April)","1969","45 - 64 years","Female","Thousand","298.3"
"Population Estimates (Persons in April)","1969","50 - 54 years","Both sexes","Thousand","160.7"
"Population Estimates (Persons in April)","1969","50 - 54 years","Male","Thousand","81.4"
"Population Estimates (Persons in April)","1969","50 - 54 years","Female","Thousand","79.3"
"Population Estimates (Persons in April)","1969","55 - 59 years","Both sexes","Thousand","150.9"
"Population Estimates (Persons in April)","1969","55 - 59 years","Male","Thousand","77.1"
"Population Estimates (Persons in April)","1969","55 - 59 years","Female","Thousand","73.8"
"Population Estimates (Persons in April)","1969","60 - 64 years","Both sexes","Thousand","129.3"
"Population Estimates (Persons in April)","1969","60 - 64 years","Male","Thousand","65.2"
"Population Estimates (Persons in April)","1969","60 - 64 years","Female","Thousand","64.1"
"Population Estimates (Persons in April)","1969","65 - 69 years","Both sexes","Thousand","112.3"
"Population Estimates (Persons in April)","1969","65 - 69 years","Male","Thousand","54.6"
"Population Estimates (Persons in April)","1969","65 - 69 years","Female","Thousand","57.7"
"Population Estimates (Persons in April)","1969","65 years and over","Both sexes","Thousand","326"
"Population Estimates (Persons in April)","1969","65 years and over","Male","Thousand","150.2"
"Population Estimates (Persons in April)","1969","65 years and over","Female","Thousand","175.8"
"Population Estimates (Persons in April)","1969","70 - 74 years","Both sexes","Thousand","95"
"Population Estimates (Persons in April)","1969","70 - 74 years","Male","Thousand","43.5"
"Population Estimates (Persons in April)","1969","70 - 74 years","Female","Thousand","51.5"
"Population Estimates (Persons in April)","1969","75 - 79 years","Both sexes","Thousand","62"
"Population Estimates (Persons in April)","1969","75 - 79 years","Male","Thousand","28.2"
"Population Estimates (Persons in April)","1969","75 - 79 years","Female","Thousand","33.8"
"Population Estimates (Persons in April)","1969","80 - 84 years","Both sexes","Thousand","36"
"Population Estimates (Persons in April)","1969","80 - 84 years","Male","Thousand","15.8"
"Population Estimates (Persons in April)","1969","80 - 84 years","Female","Thousand","20.2"
"Population Estimates (Persons in April)","1969","85 years and over","Both sexes","Thousand","20.7"
"Population Estimates (Persons in April)","1969","85 years and over","Male","Thousand","8.1"
"Population Estimates (Persons in April)","1969","85 years and over","Female","Thousand","12.6"
"Population Estimates (Persons in April)","1969","All ages","Both sexes","Thousand","2925.2"
"Population Estimates (Persons in April)","1969","All ages","Male","Thousand","1470"
"Population Estimates (Persons in April)","1969","All ages","Female","Thousand","1455.2"
"Population Estimates (Persons in April)","1970","Under 1 year","Both sexes","Thousand","63.5"
"Population Estimates (Persons in April)","1970","Under 1 year","Male","Thousand","30.9"
"Population Estimates (Persons in April)","1970","Under 1 year","Female","Thousand","32.6"
"Population Estimates (Persons in April)","1970","0 - 4 years","Both sexes","Thousand",""
"Population Estimates (Persons in April)","1970","0 - 4 years","Male","Thousand",""
"Population Estimates (Persons in April)","1970","0 - 4 years","Female","Thousand",""
"Population Estimates (Persons in April)","1970","0 - 14 years","Both sexes","Thousand","921.2"
"Population Estimates (Persons in April)","1970","0 - 14 years","Male","Thousand","470.6"
"Population Estimates (Persons in April)","1970","0 - 14 years","Female","Thousand","450.6"
"Population Estimates (Persons in April)","1970","1 - 4 years","Both sexes","Thousand","250.9"
"Population Estimates (Persons in April)","1970","1 - 4 years","Male","Thousand","130.2"
"Population Estimates (Persons in April)","1970","1 - 4 years","Female","Thousand","120.7"
"Population Estimates (Persons in April)","1970","5 - 9 years","Both sexes","Thousand","312"
"Population Estimates (Persons in April)","1970","5 - 9 years","Male","Thousand","159.3"
"Population Estimates (Persons in April)","1970","5 - 9 years","Female","Thousand","152.7"
"Population Estimates (Persons in April)","1970","10 - 14 years","Both sexes","Thousand","294.8"
"Population Estimates (Persons in April)","1970","10 - 14 years","Male","Thousand","150.2"
"Population Estimates (Persons in April)","1970","10 - 14 years","Female","Thousand","144.6"
"Population Estimates (Persons in April)","1970","15 - 19 years","Both sexes","Thousand","264.9"
"Population Estimates (Persons in April)","1970","15 - 19 years","Male","Thousand","135.5"
"Population Estimates (Persons in April)","1970","15 - 19 years","Female","Thousand","129.4"
"Population Estimates (Persons in April)","1970","15 - 24 years","Both sexes","Thousand","473.4"
"Population Estimates (Persons in April)","1970","15 - 24 years","Male","Thousand","242.1"
"Population Estimates (Persons in April)","1970","15 - 24 years","Female","Thousand","231.3"
"Population Estimates (Persons in April)","1970","15 years and over","Both sexes","Thousand","2028.7"
"Population Estimates (Persons in April)","1970","15 years and over","Male","Thousand","1011.3"
"Population Estimates (Persons in April)","1970","15 years and over","Female","Thousand","1017.4"
"Population Estimates (Persons in April)","1970","20 - 24 years","Both sexes","Thousand","208.5"
"Population Estimates (Persons in April)","1970","20 - 24 years","Male","Thousand","106.6"
"Population Estimates (Persons in April)","1970","20 - 24 years","Female","Thousand","101.9"
"Population Estimates (Persons in April)","1970","25 - 29 years","Both sexes","Thousand","167.5"
"Population Estimates (Persons in April)","1970","25 - 29 years","Male","Thousand","84.8"
"Population Estimates (Persons in April)","1970","25 - 29 years","Female","Thousand","82.7"
"Population Estimates (Persons in April)","1970","25 - 44 years","Both sexes","Thousand","621.7"
"Population Estimates (Persons in April)","1970","25 - 44 years","Male","Thousand","313.5"
"Population Estimates (Persons in April)","1970","25 - 44 years","Female","Thousand","308.2"
"Population Estimates (Persons in April)","1970","30 - 34 years","Both sexes","Thousand","149.9"
"Population Estimates (Persons in April)","1970","30 - 34 years","Male","Thousand","76"
"Population Estimates (Persons in April)","1970","30 - 34 years","Female","Thousand","73.9"
"Population Estimates (Persons in April)","1970","35 - 39 years","Both sexes","Thousand","149.8"
"Population Estimates (Persons in April)","1970","35 - 39 years","Male","Thousand","75.5"
"Population Estimates (Persons in April)","1970","35 - 39 years","Female","Thousand","74.3"
"Population Estimates (Persons in April)","1970","40 - 44 years","Both sexes","Thousand","154.5"
"Population Estimates (Persons in April)","1970","40 - 44 years","Male","Thousand","77.2"
"Population Estimates (Persons in April)","1970","40 - 44 years","Female","Thousand","77.3"
"Population Estimates (Persons in April)","1970","45 - 49 years","Both sexes","Thousand","160.9"
"Population Estimates (Persons in April)","1970","45 - 49 years","Male","Thousand","80.1"
"Population Estimates (Persons in April)","1970","45 - 49 years","Female","Thousand","80.8"
"Population Estimates (Persons in April)","1970","45 - 64 years","Both sexes","Thousand","605.1"
"Population Estimates (Persons in April)","1970","45 - 64 years","Male","Thousand","305.1"
"Population Estimates (Persons in April)","1970","45 - 64 years","Female","Thousand","300"
"Population Estimates (Persons in April)","1970","50 - 54 years","Both sexes","Thousand","159.8"
"Population Estimates (Persons in April)","1970","50 - 54 years","Male","Thousand","80.7"
"Population Estimates (Persons in April)","1970","50 - 54 years","Female","Thousand","79.1"
"Population Estimates (Persons in April)","1970","55 - 59 years","Both sexes","Thousand","152.8"
"Population Estimates (Persons in April)","1970","55 - 59 years","Male","Thousand","77.7"
"Population Estimates (Persons in April)","1970","55 - 59 years","Female","Thousand","75.1"
"Population Estimates (Persons in April)","1970","60 - 64 years","Both sexes","Thousand","131.6"
"Population Estimates (Persons in April)","1970","60 - 64 years","Male","Thousand","66.6"
"Population Estimates (Persons in April)","1970","60 - 64 years","Female","Thousand","65"
"Population Estimates (Persons in April)","1970","65 - 69 years","Both sexes","Thousand","112.2"
"Population Estimates (Persons in April)","1970","65 - 69 years","Male","Thousand","54.6"
"Population Estimates (Persons in April)","1970","65 - 69 years","Female","Thousand","57.6"
"Population Estimates (Persons in April)","1970","65 years and over","Both sexes","Thousand","328.5"
"Population Estimates (Persons in April)","1970","65 years and over","Male","Thousand","150.6"
"Population Estimates (Persons in April)","1970","65 years and over","Female","Thousand","177.9"
"Population Estimates (Persons in April)","1970","70 - 74 years","Both sexes","Thousand","97"
"Population Estimates (Persons in April)","1970","70 - 74 years","Male","Thousand","44"
"Population Estimates (Persons in April)","1970","70 - 74 years","Female","Thousand","53"
"Population Estimates (Persons in April)","1970","75 - 79 years","Both sexes","Thousand","62.1"
"Population Estimates (Persons in April)","1970","75 - 79 years","Male","Thousand","28.1"
"Population Estimates (Persons in April)","1970","75 - 79 years","Female","Thousand","34"
"Population Estimates (Persons in April)","1970","80 - 84 years","Both sexes","Thousand","36.3"
"Population Estimates (Persons in April)","1970","80 - 84 years","Male","Thousand","15.7"
"Population Estimates (Persons in April)","1970","80 - 84 years","Female","Thousand","20.6"
"Population Estimates (Persons in April)","1970","85 years and over","Both sexes","Thousand","20.9"
"Population Estimates (Persons in April)","1970","85 years and over","Male","Thousand","8.2"
"Population Estimates (Persons in April)","1970","85 years and over","Female","Thousand","12.7"
"Population Estimates (Persons in April)","1970","All ages","Both sexes","Thousand","2949.9"
"Population Estimates (Persons in April)","1970","All ages","Male","Thousand","1481.9"
"Population Estimates (Persons in April)","1970","All ages","Female","Thousand","1468"
"Population Estimates (Persons in April)","1971","Under 1 year","Both sexes","Thousand","64.9"
"Population Estimates (Persons in April)","1971","Under 1 year","Male","Thousand","33.3"
"Population Estimates (Persons in April)","1971","Under 1 year","Female","Thousand","31.6"
"Population Estimates (Persons in April)","1971","0 - 4 years","Both sexes","Thousand","315.6"
"Population Estimates (Persons in April)","1971","0 - 4 years","Male","Thousand","161.8"
"Population Estimates (Persons in April)","1971","0 - 4 years","Female","Thousand","153.8"
"Population Estimates (Persons in April)","1971","0 - 14 years","Both sexes","Thousand","931.2"
"Population Estimates (Persons in April)","1971","0 - 14 years","Male","Thousand","475.8"
"Population Estimates (Persons in April)","1971","0 - 14 years","Female","Thousand","455.4"
"Population Estimates (Persons in April)","1971","1 - 4 years","Both sexes","Thousand","250.8"
"Population Estimates (Persons in April)","1971","1 - 4 years","Male","Thousand","128.6"
"Population Estimates (Persons in April)","1971","1 - 4 years","Female","Thousand","122.2"
"Population Estimates (Persons in April)","1971","5 - 9 years","Both sexes","Thousand","316.9"
"Population Estimates (Persons in April)","1971","5 - 9 years","Male","Thousand","161.8"
"Population Estimates (Persons in April)","1971","5 - 9 years","Female","Thousand","155.1"
"Population Estimates (Persons in April)","1971","10 - 14 years","Both sexes","Thousand","298.6"
"Population Estimates (Persons in April)","1971","10 - 14 years","Male","Thousand","152.1"
"Population Estimates (Persons in April)","1971","10 - 14 years","Female","Thousand","146.4"
"Population Estimates (Persons in April)","1971","15 - 19 years","Both sexes","Thousand","267.7"
"Population Estimates (Persons in April)","1971","15 - 19 years","Male","Thousand","136.8"
"Population Estimates (Persons in April)","1971","15 - 19 years","Female","Thousand","131"
"Population Estimates (Persons in April)","1971","15 - 24 years","Both sexes","Thousand","483"
"Population Estimates (Persons in April)","1971","15 - 24 years","Male","Thousand","246.7"
"Population Estimates (Persons in April)","1971","15 - 24 years","Female","Thousand","236.2"
"Population Estimates (Persons in April)","1971","15 years and over","Both sexes","Thousand","2047.1"
"Population Estimates (Persons in April)","1971","15 years and over","Male","Thousand","1020"
"Population Estimates (Persons in April)","1971","15 years and over","Female","Thousand","1027.1"
"Population Estimates (Persons in April)","1971","20 - 24 years","Both sexes","Thousand","215.3"
"Population Estimates (Persons in April)","1971","20 - 24 years","Male","Thousand","110"
"Population Estimates (Persons in April)","1971","20 - 24 years","Female","Thousand","105.3"
"Population Estimates (Persons in April)","1971","25 - 29 years","Both sexes","Thousand","173"
"Population Estimates (Persons in April)","1971","25 - 29 years","Male","Thousand","87.7"
"Population Estimates (Persons in April)","1971","25 - 29 years","Female","Thousand","85.3"
"Population Estimates (Persons in April)","1971","25 - 44 years","Both sexes","Thousand","626.2"
"Population Estimates (Persons in April)","1971","25 - 44 years","Male","Thousand","316.5"
"Population Estimates (Persons in April)","1971","25 - 44 years","Female","Thousand","309.7"
"Population Estimates (Persons in April)","1971","30 - 34 years","Both sexes","Thousand","151.4"
"Population Estimates (Persons in April)","1971","30 - 34 years","Male","Thousand","76.8"
"Population Estimates (Persons in April)","1971","30 - 34 years","Female","Thousand","74.5"
"Population Estimates (Persons in April)","1971","35 - 39 years","Both sexes","Thousand","149.1"
"Population Estimates (Persons in April)","1971","35 - 39 years","Male","Thousand","75.5"
"Population Estimates (Persons in April)","1971","35 - 39 years","Female","Thousand","73.6"
"Population Estimates (Persons in April)","1971","40 - 44 years","Both sexes","Thousand","152.7"
"Population Estimates (Persons in April)","1971","40 - 44 years","Male","Thousand","76.4"
"Population Estimates (Persons in April)","1971","40 - 44 years","Female","Thousand","76.3"
"Population Estimates (Persons in April)","1971","45 - 49 years","Both sexes","Thousand","160.1"
"Population Estimates (Persons in April)","1971","45 - 49 years","Male","Thousand","79.5"
"Population Estimates (Persons in April)","1971","45 - 49 years","Female","Thousand","80.6"
"Population Estimates (Persons in April)","1971","45 - 64 years","Both sexes","Thousand","608.1"
"Population Estimates (Persons in April)","1971","45 - 64 years","Male","Thousand","306.1"
"Population Estimates (Persons in April)","1971","45 - 64 years","Female","Thousand","302"
"Population Estimates (Persons in April)","1971","50 - 54 years","Both sexes","Thousand","159.1"
"Population Estimates (Persons in April)","1971","50 - 54 years","Male","Thousand","80"
"Population Estimates (Persons in April)","1971","50 - 54 years","Female","Thousand","79"
"Population Estimates (Persons in April)","1971","55 - 59 years","Both sexes","Thousand","154.8"
"Population Estimates (Persons in April)","1971","55 - 59 years","Male","Thousand","78.4"
"Population Estimates (Persons in April)","1971","55 - 59 years","Female","Thousand","76.4"
"Population Estimates (Persons in April)","1971","60 - 64 years","Both sexes","Thousand","134.1"
"Population Estimates (Persons in April)","1971","60 - 64 years","Male","Thousand","68.1"
"Population Estimates (Persons in April)","1971","60 - 64 years","Female","Thousand","65.9"
"Population Estimates (Persons in April)","1971","65 - 69 years","Both sexes","Thousand","111.8"
"Population Estimates (Persons in April)","1971","65 - 69 years","Male","Thousand","54.5"
"Population Estimates (Persons in April)","1971","65 - 69 years","Female","Thousand","57.3"
"Population Estimates (Persons in April)","1971","65 years and over","Both sexes","Thousand","329.8"
"Population Estimates (Persons in April)","1971","65 years and over","Male","Thousand","150.6"
"Population Estimates (Persons in April)","1971","65 years and over","Female","Thousand","179.2"
"Population Estimates (Persons in April)","1971","70 - 74 years","Both sexes","Thousand","99"
"Population Estimates (Persons in April)","1971","70 - 74 years","Male","Thousand","44.6"
"Population Estimates (Persons in April)","1971","70 - 74 years","Female","Thousand","54.4"
"Population Estimates (Persons in April)","1971","75 - 79 years","Both sexes","Thousand","61.8"
"Population Estimates (Persons in April)","1971","75 - 79 years","Male","Thousand","27.8"
"Population Estimates (Persons in April)","1971","75 - 79 years","Female","Thousand","34"
"Population Estimates (Persons in April)","1971","80 - 84 years","Both sexes","Thousand","36.4"
"Population Estimates (Persons in April)","1971","80 - 84 years","Male","Thousand","15.7"
"Population Estimates (Persons in April)","1971","80 - 84 years","Female","Thousand","20.7"
"Population Estimates (Persons in April)","1971","85 years and over","Both sexes","Thousand","20.9"
"Population Estimates (Persons in April)","1971","85 years and over","Male","Thousand","8.1"
"Population Estimates (Persons in April)","1971","85 years and over","Female","Thousand","12.8"
"Population Estimates (Persons in April)","1971","All ages","Both sexes","Thousand","2978.2"
"Population Estimates (Persons in April)","1971","All ages","Male","Thousand","1495.8"
"Population Estimates (Persons in April)","1971","All ages","Female","Thousand","1482.5"
"Population Estimates (Persons in April)","1972","Under 1 year","Both sexes","Thousand","67.4"
"Population Estimates (Persons in April)","1972","Under 1 year","Male","Thousand","34.5"
"Population Estimates (Persons in April)","1972","Under 1 year","Female","Thousand","32.9"
"Population Estimates (Persons in April)","1972","0 - 4 years","Both sexes","Thousand",""
"Population Estimates (Persons in April)","1972","0 - 4 years","Male","Thousand",""
"Population Estimates (Persons in April)","1972","0 - 4 years","Female","Thousand",""
"Population Estimates (Persons in April)","1972","0 - 14 years","Both sexes","Thousand","943.1"
"Population Estimates (Persons in April)","1972","0 - 14 years","Male","Thousand","482"
"Population Estimates (Persons in April)","1972","0 - 14 years","Female","Thousand","461"
"Population Estimates (Persons in April)","1972","1 - 4 years","Both sexes","Thousand","251.8"
"Population Estimates (Persons in April)","1972","1 - 4 years","Male","Thousand","129.1"
"Population Estimates (Persons in April)","1972","1 - 4 years","Female","Thousand","122.6"
"Population Estimates (Persons in April)","1972","5 - 9 years","Both sexes","Thousand","320.9"
"Population Estimates (Persons in April)","1972","5 - 9 years","Male","Thousand","163.9"
"Population Estimates (Persons in April)","1972","5 - 9 years","Female","Thousand","157"
"Population Estimates (Persons in April)","1972","10 - 14 years","Both sexes","Thousand","303"
"Population Estimates (Persons in April)","1972","10 - 14 years","Male","Thousand","154.5"
"Population Estimates (Persons in April)","1972","10 - 14 years","Female","Thousand","148.5"
"Population Estimates (Persons in April)","1972","15 - 19 years","Both sexes","Thousand","273.5"
"Population Estimates (Persons in April)","1972","15 - 19 years","Male","Thousand","139.7"
"Population Estimates (Persons in April)","1972","15 - 19 years","Female","Thousand","133.8"
"Population Estimates (Persons in April)","1972","15 - 24 years","Both sexes","Thousand","494.7"
"Population Estimates (Persons in April)","1972","15 - 24 years","Male","Thousand","252.7"
"Population Estimates (Persons in April)","1972","15 - 24 years","Female","Thousand","242"
"Population Estimates (Persons in April)","1972","15 years and over","Both sexes","Thousand","2081.6"
"Population Estimates (Persons in April)","1972","15 years and over","Male","Thousand","1037"
"Population Estimates (Persons in April)","1972","15 years and over","Female","Thousand","1044.3"
"Population Estimates (Persons in April)","1972","20 - 24 years","Both sexes","Thousand","221.2"
"Population Estimates (Persons in April)","1972","20 - 24 years","Male","Thousand","113"
"Population Estimates (Persons in April)","1972","20 - 24 years","Female","Thousand","108.2"
"Population Estimates (Persons in April)","1972","25 - 29 years","Both sexes","Thousand","180.7"
"Population Estimates (Persons in April)","1972","25 - 29 years","Male","Thousand","91.6"
"Population Estimates (Persons in April)","1972","25 - 29 years","Female","Thousand","89"
"Population Estimates (Persons in April)","1972","25 - 44 years","Both sexes","Thousand","646"
"Population Estimates (Persons in April)","1972","25 - 44 years","Male","Thousand","327"
"Population Estimates (Persons in April)","1972","25 - 44 years","Female","Thousand","318.9"
"Population Estimates (Persons in April)","1972","30 - 34 years","Both sexes","Thousand","159.2"
"Population Estimates (Persons in April)","1972","30 - 34 years","Male","Thousand","80.9"
"Population Estimates (Persons in April)","1972","30 - 34 years","Female","Thousand","78.3"
"Population Estimates (Persons in April)","1972","35 - 39 years","Both sexes","Thousand","152.5"
"Population Estimates (Persons in April)","1972","35 - 39 years","Male","Thousand","77.4"
"Population Estimates (Persons in April)","1972","35 - 39 years","Female","Thousand","75.1"
"Population Estimates (Persons in April)","1972","40 - 44 years","Both sexes","Thousand","153.6"
"Population Estimates (Persons in April)","1972","40 - 44 years","Male","Thousand","77.1"
"Population Estimates (Persons in April)","1972","40 - 44 years","Female","Thousand","76.5"
"Population Estimates (Persons in April)","1972","45 - 49 years","Both sexes","Thousand","159.4"
"Population Estimates (Persons in April)","1972","45 - 49 years","Male","Thousand","79.4"
"Population Estimates (Persons in April)","1972","45 - 49 years","Female","Thousand","80"
"Population Estimates (Persons in April)","1972","45 - 64 years","Both sexes","Thousand","607.3"
"Population Estimates (Persons in April)","1972","45 - 64 years","Male","Thousand","305.3"
"Population Estimates (Persons in April)","1972","45 - 64 years","Female","Thousand","301.9"
"Population Estimates (Persons in April)","1972","50 - 54 years","Both sexes","Thousand","158.4"
"Population Estimates (Persons in April)","1972","50 - 54 years","Male","Thousand","79.6"
"Population Estimates (Persons in April)","1972","50 - 54 years","Female","Thousand","78.8"
"Population Estimates (Persons in April)","1972","55 - 59 years","Both sexes","Thousand","154.9"
"Population Estimates (Persons in April)","1972","55 - 59 years","Male","Thousand","78.2"
"Population Estimates (Persons in April)","1972","55 - 59 years","Female","Thousand","76.7"
"Population Estimates (Persons in April)","1972","60 - 64 years","Both sexes","Thousand","134.6"
"Population Estimates (Persons in April)","1972","60 - 64 years","Male","Thousand","68.1"
"Population Estimates (Persons in April)","1972","60 - 64 years","Female","Thousand","66.4"
"Population Estimates (Persons in April)","1972","65 - 69 years","Both sexes","Thousand","114.3"
"Population Estimates (Persons in April)","1972","65 - 69 years","Male","Thousand","55.7"
"Population Estimates (Persons in April)","1972","65 - 69 years","Female","Thousand","58.6"
"Population Estimates (Persons in April)","1972","65 years and over","Both sexes","Thousand","333.6"
"Population Estimates (Persons in April)","1972","65 years and over","Male","Thousand","152"
"Population Estimates (Persons in April)","1972","65 years and over","Female","Thousand","181.5"
"Population Estimates (Persons in April)","1972","70 - 74 years","Both sexes","Thousand","99"
"Population Estimates (Persons in April)","1972","70 - 74 years","Male","Thousand","44.7"
"Population Estimates (Persons in April)","1972","70 - 74 years","Female","Thousand","54.2"
"Population Estimates (Persons in April)","1972","75 - 79 years","Both sexes","Thousand","62.6"
"Population Estimates (Persons in April)","1972","75 - 79 years","Male","Thousand","27.9"
"Population Estimates (Persons in April)","1972","75 - 79 years","Female","Thousand","34.7"
"Population Estimates (Persons in April)","1972","80 - 84 years","Both sexes","Thousand","36.6"
"Population Estimates (Persons in April)","1972","80 - 84 years","Male","Thousand","15.6"
"Population Estimates (Persons in April)","1972","80 - 84 years","Female","Thousand","21"
"Population Estimates (Persons in April)","1972","85 years and over","Both sexes","Thousand","21.1"
"Population Estimates (Persons in April)","1972","85 years and over","Male","Thousand","8.1"
"Population Estimates (Persons in April)","1972","85 years and over","Female","Thousand","13"
"Population Estimates (Persons in April)","1972","All ages","Both sexes","Thousand","3024.4"
"Population Estimates (Persons in April)","1972","All ages","Male","Thousand","1519.1"
"Population Estimates (Persons in April)","1972","All ages","Female","Thousand","1505.3"
"Population Estimates (Persons in April)","1973","Under 1 year","Both sexes","Thousand","68.5"
"Population Estimates (Persons in April)","1973","Under 1 year","Male","Thousand","35.3"
"Population Estimates (Persons in April)","1973","Under 1 year","Female","Thousand","33.2"
"Population Estimates (Persons in April)","1973","0 - 4 years","Both sexes","Thousand",""
"Population Estimates (Persons in April)","1973","0 - 4 years","Male","Thousand",""
"Population Estimates (Persons in April)","1973","0 - 4 years","Female","Thousand",""
"Population Estimates (Persons in April)","1973","0 - 14 years","Both sexes","Thousand","955.5"
"Population Estimates (Persons in April)","1973","0 - 14 years","Male","Thousand","488.6"
"Population Estimates (Persons in April)","1973","0 - 14 years","Female","Thousand","467"
"Population Estimates (Persons in April)","1973","1 - 4 years","Both sexes","Thousand","254.3"
"Population Estimates (Persons in April)","1973","1 - 4 years","Male","Thousand","130.2"
"Population Estimates (Persons in April)","1973","1 - 4 years","Female","Thousand","124.2"
"Population Estimates (Persons in April)","1973","5 - 9 years","Both sexes","Thousand","325"
"Population Estimates (Persons in April)","1973","5 - 9 years","Male","Thousand","166.1"
"Population Estimates (Persons in April)","1973","5 - 9 years","Female","Thousand","158.9"
"Population Estimates (Persons in April)","1973","10 - 14 years","Both sexes","Thousand","307.7"
"Population Estimates (Persons in April)","1973","10 - 14 years","Male","Thousand","157"
"Population Estimates (Persons in April)","1973","10 - 14 years","Female","Thousand","150.7"
"Population Estimates (Persons in April)","1973","15 - 19 years","Both sexes","Thousand","279.5"
"Population Estimates (Persons in April)","1973","15 - 19 years","Male","Thousand","142.8"
"Population Estimates (Persons in April)","1973","15 - 19 years","Female","Thousand","136.7"
"Population Estimates (Persons in April)","1973","15 - 24 years","Both sexes","Thousand","506.9"
"Population Estimates (Persons in April)","1973","15 - 24 years","Male","Thousand","258.9"
"Population Estimates (Persons in April)","1973","15 - 24 years","Female","Thousand","248"
"Population Estimates (Persons in April)","1973","15 years and over","Both sexes","Thousand","2117.4"
"Population Estimates (Persons in April)","1973","15 years and over","Male","Thousand","1055"
"Population Estimates (Persons in April)","1973","15 years and over","Female","Thousand","1062.4"
"Population Estimates (Persons in April)","1973","20 - 24 years","Both sexes","Thousand","227.4"
"Population Estimates (Persons in April)","1973","20 - 24 years","Male","Thousand","116.1"
"Population Estimates (Persons in April)","1973","20 - 24 years","Female","Thousand","111.3"
"Population Estimates (Persons in April)","1973","25 - 29 years","Both sexes","Thousand","188.6"
"Population Estimates (Persons in April)","1973","25 - 29 years","Male","Thousand","95.7"
"Population Estimates (Persons in April)","1973","25 - 29 years","Female","Thousand","92.9"
"Population Estimates (Persons in April)","1973","25 - 44 years","Both sexes","Thousand","666.6"
"Population Estimates (Persons in April)","1973","25 - 44 years","Male","Thousand","337.9"
"Population Estimates (Persons in April)","1973","25 - 44 years","Female","Thousand","328.6"
"Population Estimates (Persons in April)","1973","30 - 34 years","Both sexes","Thousand","167.3"
"Population Estimates (Persons in April)","1973","30 - 34 years","Male","Thousand","85.1"
"Population Estimates (Persons in April)","1973","30 - 34 years","Female","Thousand","82.2"
"Population Estimates (Persons in April)","1973","35 - 39 years","Both sexes","Thousand","156.1"
"Population Estimates (Persons in April)","1973","35 - 39 years","Male","Thousand","79.3"
"Population Estimates (Persons in April)","1973","35 - 39 years","Female","Thousand","76.7"
"Population Estimates (Persons in April)","1973","40 - 44 years","Both sexes","Thousand","154.6"
"Population Estimates (Persons in April)","1973","40 - 44 years","Male","Thousand","77.8"
"Population Estimates (Persons in April)","1973","40 - 44 years","Female","Thousand","76.8"
"Population Estimates (Persons in April)","1973","45 - 49 years","Both sexes","Thousand","158.6"
"Population Estimates (Persons in April)","1973","45 - 49 years","Male","Thousand","79.3"
"Population Estimates (Persons in April)","1973","45 - 49 years","Female","Thousand","79.4"
"Population Estimates (Persons in April)","1973","45 - 64 years","Both sexes","Thousand","606.3"
"Population Estimates (Persons in April)","1973","45 - 64 years","Male","Thousand","304.6"
"Population Estimates (Persons in April)","1973","45 - 64 years","Female","Thousand","301.8"
"Population Estimates (Persons in April)","1973","50 - 54 years","Both sexes","Thousand","157.7"
"Population Estimates (Persons in April)","1973","50 - 54 years","Male","Thousand","79.1"
"Population Estimates (Persons in April)","1973","50 - 54 years","Female","Thousand","78.5"
"Population Estimates (Persons in April)","1973","55 - 59 years","Both sexes","Thousand","154.9"
"Population Estimates (Persons in April)","1973","55 - 59 years","Male","Thousand","78"
"Population Estimates (Persons in April)","1973","55 - 59 years","Female","Thousand","76.9"
"Population Estimates (Persons in April)","1973","60 - 64 years","Both sexes","Thousand","135.1"
"Population Estimates (Persons in April)","1973","60 - 64 years","Male","Thousand","68.2"
"Population Estimates (Persons in April)","1973","60 - 64 years","Female","Thousand","67"
"Population Estimates (Persons in April)","1973","65 - 69 years","Both sexes","Thousand","117"
"Population Estimates (Persons in April)","1973","65 - 69 years","Male","Thousand","57"
"Population Estimates (Persons in April)","1973","65 - 69 years","Female","Thousand","60"
"Population Estimates (Persons in April)","1973","65 years and over","Both sexes","Thousand","337.6"
"Population Estimates (Persons in April)","1973","65 years and over","Male","Thousand","153.6"
"Population Estimates (Persons in April)","1973","65 years and over","Female","Thousand","184"
"Population Estimates (Persons in April)","1973","70 - 74 years","Both sexes","Thousand","99"
"Population Estimates (Persons in April)","1973","70 - 74 years","Male","Thousand","44.9"
"Population Estimates (Persons in April)","1973","70 - 74 years","Female","Thousand","54.1"
"Population Estimates (Persons in April)","1973","75 - 79 years","Both sexes","Thousand","63.5"
"Population Estimates (Persons in April)","1973","75 - 79 years","Male","Thousand","28.1"
"Population Estimates (Persons in April)","1973","75 - 79 years","Female","Thousand","35.4"
"Population Estimates (Persons in April)","1973","80 - 84 years","Both sexes","Thousand","36.8"
"Population Estimates (Persons in April)","1973","80 - 84 years","Male","Thousand","15.5"
"Population Estimates (Persons in April)","1973","80 - 84 years","Female","Thousand","21.3"
"Population Estimates (Persons in April)","1973","85 years and over","Both sexes","Thousand","21.3"
"Population Estimates (Persons in April)","1973","85 years and over","Male","Thousand","8.1"
"Population Estimates (Persons in April)","1973","85 years and over","Female","Thousand","13.2"
"Population Estimates (Persons in April)","1973","All ages","Both sexes","Thousand","3073"
"Population Estimates (Persons in April)","1973","All ages","Male","Thousand","1543.7"
"Population Estimates (Persons in April)","1973","All ages","Female","Thousand","1529.3"
"Population Estimates (Persons in April)","1974","Under 1 year","Both sexes","Thousand","67.1"
"Population Estimates (Persons in April)","1974","Under 1 year","Male","Thousand","34.3"
"Population Estimates (Persons in April)","1974","Under 1 year","Female","Thousand","32.8"
"Population Estimates (Persons in April)","1974","0 - 4 years","Both sexes","Thousand",""
"Population Estimates (Persons in April)","1974","0 - 4 years","Male","Thousand",""
"Population Estimates (Persons in April)","1974","0 - 4 years","Female","Thousand",""
"Population Estimates (Persons in April)","1974","0 - 14 years","Both sexes","Thousand","968.8"
"Population Estimates (Persons in April)","1974","0 - 14 years","Male","Thousand","495.5"
"Population Estimates (Persons in April)","1974","0 - 14 years","Female","Thousand","473.3"
"Population Estimates (Persons in April)","1974","1 - 4 years","Both sexes","Thousand","259.6"
"Population Estimates (Persons in April)","1974","1 - 4 years","Male","Thousand","133.1"
"Population Estimates (Persons in April)","1974","1 - 4 years","Female","Thousand","126.5"
"Population Estimates (Persons in April)","1974","5 - 9 years","Both sexes","Thousand","329.4"
"Population Estimates (Persons in April)","1974","5 - 9 years","Male","Thousand","168.4"
"Population Estimates (Persons in April)","1974","5 - 9 years","Female","Thousand","161"
"Population Estimates (Persons in April)","1974","10 - 14 years","Both sexes","Thousand","312.7"
"Population Estimates (Persons in April)","1974","10 - 14 years","Male","Thousand","159.7"
"Population Estimates (Persons in April)","1974","10 - 14 years","Female","Thousand","153"
"Population Estimates (Persons in April)","1974","15 - 19 years","Both sexes","Thousand","285.8"
"Population Estimates (Persons in April)","1974","15 - 19 years","Male","Thousand","146"
"Population Estimates (Persons in April)","1974","15 - 19 years","Female","Thousand","139.8"
"Population Estimates (Persons in April)","1974","15 - 24 years","Both sexes","Thousand","519.6"
"Population Estimates (Persons in April)","1974","15 - 24 years","Male","Thousand","265.4"
"Population Estimates (Persons in April)","1974","15 - 24 years","Female","Thousand","254.3"
"Population Estimates (Persons in April)","1974","15 years and over","Both sexes","Thousand","2155"
"Population Estimates (Persons in April)","1974","15 years and over","Male","Thousand","1073.8"
"Population Estimates (Persons in April)","1974","15 years and over","Female","Thousand","1080.9"
"Population Estimates (Persons in April)","1974","20 - 24 years","Both sexes","Thousand","233.8"
"Population Estimates (Persons in April)","1974","20 - 24 years","Male","Thousand","119.4"
"Population Estimates (Persons in April)","1974","20 - 24 years","Female","Thousand","114.5"
"Population Estimates (Persons in April)","1974","25 - 29 years","Both sexes","Thousand","196.9"
"Population Estimates (Persons in April)","1974","25 - 29 years","Male","Thousand","99.9"
"Population Estimates (Persons in April)","1974","25 - 29 years","Female","Thousand","97"
"Population Estimates (Persons in April)","1974","25 - 44 years","Both sexes","Thousand","688.1"
"Population Estimates (Persons in April)","1974","25 - 44 years","Male","Thousand","349.3"
"Population Estimates (Persons in April)","1974","25 - 44 years","Female","Thousand","338.6"
"Population Estimates (Persons in April)","1974","30 - 34 years","Both sexes","Thousand","175.8"
"Population Estimates (Persons in April)","1974","30 - 34 years","Male","Thousand","89.5"
"Population Estimates (Persons in April)","1974","30 - 34 years","Female","Thousand","86.2"
"Population Estimates (Persons in April)","1974","35 - 39 years","Both sexes","Thousand","159.8"
"Population Estimates (Persons in April)","1974","35 - 39 years","Male","Thousand","81.4"
"Population Estimates (Persons in April)","1974","35 - 39 years","Female","Thousand","78.4"
"Population Estimates (Persons in April)","1974","40 - 44 years","Both sexes","Thousand","155.6"
"Population Estimates (Persons in April)","1974","40 - 44 years","Male","Thousand","78.5"
"Population Estimates (Persons in April)","1974","40 - 44 years","Female","Thousand","77"
"Population Estimates (Persons in April)","1974","45 - 49 years","Both sexes","Thousand","157.9"
"Population Estimates (Persons in April)","1974","45 - 49 years","Male","Thousand","79.2"
"Population Estimates (Persons in April)","1974","45 - 49 years","Female","Thousand","78.7"
"Population Estimates (Persons in April)","1974","45 - 64 years","Both sexes","Thousand","605.6"
"Population Estimates (Persons in April)","1974","45 - 64 years","Male","Thousand","303.9"
"Population Estimates (Persons in April)","1974","45 - 64 years","Female","Thousand","301.7"
"Population Estimates (Persons in April)","1974","50 - 54 years","Both sexes","Thousand","157"
"Population Estimates (Persons in April)","1974","50 - 54 years","Male","Thousand","78.7"
"Population Estimates (Persons in April)","1974","50 - 54 years","Female","Thousand","78.3"
"Population Estimates (Persons in April)","1974","55 - 59 years","Both sexes","Thousand","155"
"Population Estimates (Persons in April)","1974","55 - 59 years","Male","Thousand","77.8"
"Population Estimates (Persons in April)","1974","55 - 59 years","Female","Thousand","77.2"
"Population Estimates (Persons in April)","1974","60 - 64 years","Both sexes","Thousand","135.7"
"Population Estimates (Persons in April)","1974","60 - 64 years","Male","Thousand","68.2"
"Population Estimates (Persons in April)","1974","60 - 64 years","Female","Thousand","67.5"
"Population Estimates (Persons in April)","1974","65 - 69 years","Both sexes","Thousand","119.8"
"Population Estimates (Persons in April)","1974","65 - 69 years","Male","Thousand","58.3"
"Population Estimates (Persons in April)","1974","65 - 69 years","Female","Thousand","61.4"
"Population Estimates (Persons in April)","1974","65 years and over","Both sexes","Thousand","341.7"
"Population Estimates (Persons in April)","1974","65 years and over","Male","Thousand","155.2"
"Population Estimates (Persons in April)","1974","65 years and over","Female","Thousand","186.3"
"Population Estimates (Persons in April)","1974","70 - 74 years","Both sexes","Thousand","99"
"Population Estimates (Persons in April)","1974","70 - 74 years","Male","Thousand","45.1"
"Population Estimates (Persons in April)","1974","70 - 74 years","Female","Thousand","53.9"
"Population Estimates (Persons in April)","1974","75 - 79 years","Both sexes","Thousand","64.4"
"Population Estimates (Persons in April)","1974","75 - 79 years","Male","Thousand","28.3"
"Population Estimates (Persons in April)","1974","75 - 79 years","Female","Thousand","36.1"
"Population Estimates (Persons in April)","1974","80 - 84 years","Both sexes","Thousand","37"
"Population Estimates (Persons in April)","1974","80 - 84 years","Male","Thousand","15.4"
"Population Estimates (Persons in April)","1974","80 - 84 years","Female","Thousand","21.6"
"Population Estimates (Persons in April)","1974","85 years and over","Both sexes","Thousand","21.5"
"Population Estimates (Persons in April)","1974","85 years and over","Male","Thousand","8.1"
"Population Estimates (Persons in April)","1974","85 years and over","Female","Thousand","13.3"
"Population Estimates (Persons in April)","1974","All ages","Both sexes","Thousand","3123.9"
"Population Estimates (Persons in April)","1974","All ages","Male","Thousand","1569.5"
"Population Estimates (Persons in April)","1974","All ages","Female","Thousand","1554.4"
"Population Estimates (Persons in April)","1975","Under 1 year","Both sexes","Thousand","68"
"Population Estimates (Persons in April)","1975","Under 1 year","Male","Thousand","34.9"
"Population Estimates (Persons in April)","1975","Under 1 year","Female","Thousand","33.1"
"Population Estimates (Persons in April)","1975","0 - 4 years","Both sexes","Thousand",""
"Population Estimates (Persons in April)","1975","0 - 4 years","Male","Thousand",""
"Population Estimates (Persons in April)","1975","0 - 4 years","Female","Thousand",""
"Population Estimates (Persons in April)","1975","0 - 14 years","Both sexes","Thousand","982.7"
"Population Estimates (Persons in April)","1975","0 - 14 years","Male","Thousand","502.9"
"Population Estimates (Persons in April)","1975","0 - 14 years","Female","Thousand","479.8"
"Population Estimates (Persons in April)","1975","1 - 4 years","Both sexes","Thousand","262.8"
"Population Estimates (Persons in April)","1975","1 - 4 years","Male","Thousand","134.6"
"Population Estimates (Persons in April)","1975","1 - 4 years","Female","Thousand","128.2"
"Population Estimates (Persons in April)","1975","5 - 9 years","Both sexes","Thousand","334"
"Population Estimates (Persons in April)","1975","5 - 9 years","Male","Thousand","170.9"
"Population Estimates (Persons in April)","1975","5 - 9 years","Female","Thousand","163.1"
"Population Estimates (Persons in April)","1975","10 - 14 years","Both sexes","Thousand","317.9"
"Population Estimates (Persons in April)","1975","10 - 14 years","Male","Thousand","162.5"
"Population Estimates (Persons in April)","1975","10 - 14 years","Female","Thousand","155.4"
"Population Estimates (Persons in April)","1975","15 - 19 years","Both sexes","Thousand","292.4"
"Population Estimates (Persons in April)","1975","15 - 19 years","Male","Thousand","149.4"
"Population Estimates (Persons in April)","1975","15 - 19 years","Female","Thousand","143"
"Population Estimates (Persons in April)","1975","15 - 24 years","Both sexes","Thousand","533"
"Population Estimates (Persons in April)","1975","15 - 24 years","Male","Thousand","272.2"
"Population Estimates (Persons in April)","1975","15 - 24 years","Female","Thousand","260.8"
"Population Estimates (Persons in April)","1975","15 years and over","Both sexes","Thousand","2194.6"
"Population Estimates (Persons in April)","1975","15 years and over","Male","Thousand","1094.1"
"Population Estimates (Persons in April)","1975","15 years and over","Female","Thousand","1100.5"
"Population Estimates (Persons in April)","1975","20 - 24 years","Both sexes","Thousand","240.6"
"Population Estimates (Persons in April)","1975","20 - 24 years","Male","Thousand","122.8"
"Population Estimates (Persons in April)","1975","20 - 24 years","Female","Thousand","117.8"
"Population Estimates (Persons in April)","1975","25 - 29 years","Both sexes","Thousand","205.5"
"Population Estimates (Persons in April)","1975","25 - 29 years","Male","Thousand","104.3"
"Population Estimates (Persons in April)","1975","25 - 29 years","Female","Thousand","101.2"
"Population Estimates (Persons in April)","1975","25 - 44 years","Both sexes","Thousand","710.4"
"Population Estimates (Persons in April)","1975","25 - 44 years","Male","Thousand","361.4"
"Population Estimates (Persons in April)","1975","25 - 44 years","Female","Thousand","349"
"Population Estimates (Persons in April)","1975","30 - 34 years","Both sexes","Thousand","184.5"
"Population Estimates (Persons in April)","1975","30 - 34 years","Male","Thousand","94.1"
"Population Estimates (Persons in April)","1975","30 - 34 years","Female","Thousand","90.4"
"Population Estimates (Persons in April)","1975","35 - 39 years","Both sexes","Thousand","163.7"
"Population Estimates (Persons in April)","1975","35 - 39 years","Male","Thousand","83.6"
"Population Estimates (Persons in April)","1975","35 - 39 years","Female","Thousand","80.1"
"Population Estimates (Persons in April)","1975","40 - 44 years","Both sexes","Thousand","156.7"
"Population Estimates (Persons in April)","1975","40 - 44 years","Male","Thousand","79.4"
"Population Estimates (Persons in April)","1975","40 - 44 years","Female","Thousand","77.3"
"Population Estimates (Persons in April)","1975","45 - 49 years","Both sexes","Thousand","157.2"
"Population Estimates (Persons in April)","1975","45 - 49 years","Male","Thousand","79.1"
"Population Estimates (Persons in April)","1975","45 - 49 years","Female","Thousand","78.1"
"Population Estimates (Persons in April)","1975","45 - 64 years","Both sexes","Thousand","605.2"
"Population Estimates (Persons in April)","1975","45 - 64 years","Male","Thousand","303.4"
"Population Estimates (Persons in April)","1975","45 - 64 years","Female","Thousand","301.8"
"Population Estimates (Persons in April)","1975","50 - 54 years","Both sexes","Thousand","156.4"
"Population Estimates (Persons in April)","1975","50 - 54 years","Male","Thousand","78.3"
"Population Estimates (Persons in April)","1975","50 - 54 years","Female","Thousand","78.1"
"Population Estimates (Persons in April)","1975","55 - 59 years","Both sexes","Thousand","155.2"
"Population Estimates (Persons in April)","1975","55 - 59 years","Male","Thousand","77.7"
"Population Estimates (Persons in April)","1975","55 - 59 years","Female","Thousand","77.5"
"Population Estimates (Persons in April)","1975","60 - 64 years","Both sexes","Thousand","136.4"
"Population Estimates (Persons in April)","1975","60 - 64 years","Male","Thousand","68.3"
"Population Estimates (Persons in April)","1975","60 - 64 years","Female","Thousand","68.1"
"Population Estimates (Persons in April)","1975","65 - 69 years","Both sexes","Thousand","122.6"
"Population Estimates (Persons in April)","1975","65 - 69 years","Male","Thousand","59.7"
"Population Estimates (Persons in April)","1975","65 - 69 years","Female","Thousand","62.9"
"Population Estimates (Persons in April)","1975","65 years and over","Both sexes","Thousand","346"
"Population Estimates (Persons in April)","1975","65 years and over","Male","Thousand","157.1"
"Population Estimates (Persons in April)","1975","65 years and over","Female","Thousand","188.9"
"Population Estimates (Persons in April)","1975","70 - 74 years","Both sexes","Thousand","99.1"
"Population Estimates (Persons in April)","1975","70 - 74 years","Male","Thousand","45.3"
"Population Estimates (Persons in April)","1975","70 - 74 years","Female","Thousand","53.8"
"Population Estimates (Persons in April)","1975","75 - 79 years","Both sexes","Thousand","65.4"
"Population Estimates (Persons in April)","1975","75 - 79 years","Male","Thousand","28.6"
"Population Estimates (Persons in April)","1975","75 - 79 years","Female","Thousand","36.8"
"Population Estimates (Persons in April)","1975","80 - 84 years","Both sexes","Thousand","37.3"
"Population Estimates (Persons in April)","1975","80 - 84 years","Male","Thousand","15.4"
"Population Estimates (Persons in April)","1975","80 - 84 years","Female","Thousand","21.9"
"Population Estimates (Persons in April)","1975","85 years and over","Both sexes","Thousand","21.6"
"Population Estimates (Persons in April)","1975","85 years and over","Male","Thousand","8.1"
"Population Estimates (Persons in April)","1975","85 years and over","Female","Thousand","13.5"
"Population Estimates (Persons in April)","1975","All ages","Both sexes","Thousand","3177.2"
"Population Estimates (Persons in April)","1975","All ages","Male","Thousand","1597"
"Population Estimates (Persons in April)","1975","All ages","Female","Thousand","1580.3"
"Population Estimates (Persons in April)","1976","Under 1 year","Both sexes","Thousand","67.4"
"Population Estimates (Persons in April)","1976","Under 1 year","Male","Thousand","34.6"
"Population Estimates (Persons in April)","1976","Under 1 year","Female","Thousand","32.8"
"Population Estimates (Persons in April)","1976","0 - 4 years","Both sexes","Thousand",""
"Population Estimates (Persons in April)","1976","0 - 4 years","Male","Thousand",""
"Population Estimates (Persons in April)","1976","0 - 4 years","Female","Thousand",""
"Population Estimates (Persons in April)","1976","0 - 14 years","Both sexes","Thousand","995.4"
"Population Estimates (Persons in April)","1976","0 - 14 years","Male","Thousand","509.7"
"Population Estimates (Persons in April)","1976","0 - 14 years","Female","Thousand","485.7"
"Population Estimates (Persons in April)","1976","1 - 4 years","Both sexes","Thousand","267.1"
"Population Estimates (Persons in April)","1976","1 - 4 years","Male","Thousand","136.8"
"Population Estimates (Persons in April)","1976","1 - 4 years","Female","Thousand","130.3"
"Population Estimates (Persons in April)","1976","5 - 9 years","Both sexes","Thousand","338.1"
"Population Estimates (Persons in April)","1976","5 - 9 years","Male","Thousand","173.1"
"Population Estimates (Persons in April)","1976","5 - 9 years","Female","Thousand","165"
"Population Estimates (Persons in April)","1976","10 - 14 years","Both sexes","Thousand","322.8"
"Population Estimates (Persons in April)","1976","10 - 14 years","Male","Thousand","165.2"
"Population Estimates (Persons in April)","1976","10 - 14 years","Female","Thousand","157.6"
"Population Estimates (Persons in April)","1976","15 - 19 years","Both sexes","Thousand","298.7"
"Population Estimates (Persons in April)","1976","15 - 19 years","Male","Thousand","152.7"
"Population Estimates (Persons in April)","1976","15 - 19 years","Female","Thousand","146"
"Population Estimates (Persons in April)","1976","15 - 24 years","Both sexes","Thousand","545.8"
"Population Estimates (Persons in April)","1976","15 - 24 years","Male","Thousand","278.8"
"Population Estimates (Persons in April)","1976","15 - 24 years","Female","Thousand","267"
"Population Estimates (Persons in April)","1976","15 years and over","Both sexes","Thousand","2232.3"
"Population Estimates (Persons in April)","1976","15 years and over","Male","Thousand","1113.1"
"Population Estimates (Persons in April)","1976","15 years and over","Female","Thousand","1119.2"
"Population Estimates (Persons in April)","1976","20 - 24 years","Both sexes","Thousand","247.1"
"Population Estimates (Persons in April)","1976","20 - 24 years","Male","Thousand","126.1"
"Population Estimates (Persons in April)","1976","20 - 24 years","Female","Thousand","121"
"Population Estimates (Persons in April)","1976","25 - 29 years","Both sexes","Thousand","214"
"Population Estimates (Persons in April)","1976","25 - 29 years","Male","Thousand","108.7"
"Population Estimates (Persons in April)","1976","25 - 29 years","Female","Thousand","105.3"
"Population Estimates (Persons in April)","1976","25 - 44 years","Both sexes","Thousand","732.4"
"Population Estimates (Persons in April)","1976","25 - 44 years","Male","Thousand","373.2"
"Population Estimates (Persons in April)","1976","25 - 44 years","Female","Thousand","359.2"
"Population Estimates (Persons in April)","1976","30 - 34 years","Both sexes","Thousand","193.3"
"Population Estimates (Persons in April)","1976","30 - 34 years","Male","Thousand","98.7"
"Population Estimates (Persons in April)","1976","30 - 34 years","Female","Thousand","94.6"
"Population Estimates (Persons in April)","1976","35 - 39 years","Both sexes","Thousand","167.5"
"Population Estimates (Persons in April)","1976","35 - 39 years","Male","Thousand","85.7"
"Population Estimates (Persons in April)","1976","35 - 39 years","Female","Thousand","81.8"
"Population Estimates (Persons in April)","1976","40 - 44 years","Both sexes","Thousand","157.6"
"Population Estimates (Persons in April)","1976","40 - 44 years","Male","Thousand","80.1"
"Population Estimates (Persons in April)","1976","40 - 44 years","Female","Thousand","77.5"
"Population Estimates (Persons in April)","1976","45 - 49 years","Both sexes","Thousand","156.3"
"Population Estimates (Persons in April)","1976","45 - 49 years","Male","Thousand","78.9"
"Population Estimates (Persons in April)","1976","45 - 49 years","Female","Thousand","77.4"
"Population Estimates (Persons in April)","1976","45 - 64 years","Both sexes","Thousand","603.9"
"Population Estimates (Persons in April)","1976","45 - 64 years","Male","Thousand","302.4"
"Population Estimates (Persons in April)","1976","45 - 64 years","Female","Thousand","301.5"
"Population Estimates (Persons in April)","1976","50 - 54 years","Both sexes","Thousand","155.6"
"Population Estimates (Persons in April)","1976","50 - 54 years","Male","Thousand","77.8"
"Population Estimates (Persons in April)","1976","50 - 54 years","Female","Thousand","77.8"
"Population Estimates (Persons in April)","1976","55 - 59 years","Both sexes","Thousand","155.1"
"Population Estimates (Persons in April)","1976","55 - 59 years","Male","Thousand","77.4"
"Population Estimates (Persons in April)","1976","55 - 59 years","Female","Thousand","77.7"
"Population Estimates (Persons in April)","1976","60 - 64 years","Both sexes","Thousand","136.9"
"Population Estimates (Persons in April)","1976","60 - 64 years","Male","Thousand","68.3"
"Population Estimates (Persons in April)","1976","60 - 64 years","Female","Thousand","68.6"
"Population Estimates (Persons in April)","1976","65 - 69 years","Both sexes","Thousand","125.5"
"Population Estimates (Persons in April)","1976","65 - 69 years","Male","Thousand","61.1"
"Population Estimates (Persons in April)","1976","65 - 69 years","Female","Thousand","64.4"
"Population Estimates (Persons in April)","1976","65 years and over","Both sexes","Thousand","350.2"
"Population Estimates (Persons in April)","1976","65 years and over","Male","Thousand","158.7"
"Population Estimates (Persons in April)","1976","65 years and over","Female","Thousand","191.5"
"Population Estimates (Persons in April)","1976","70 - 74 years","Both sexes","Thousand","99.1"
"Population Estimates (Persons in April)","1976","70 - 74 years","Male","Thousand","45.5"
"Population Estimates (Persons in April)","1976","70 - 74 years","Female","Thousand","53.6"
"Population Estimates (Persons in April)","1976","75 - 79 years","Both sexes","Thousand","66.3"
"Population Estimates (Persons in April)","1976","75 - 79 years","Male","Thousand","28.7"
"Population Estimates (Persons in April)","1976","75 - 79 years","Female","Thousand","37.6"
"Population Estimates (Persons in April)","1976","80 - 84 years","Both sexes","Thousand","37.5"
"Population Estimates (Persons in April)","1976","80 - 84 years","Male","Thousand","15.3"
"Population Estimates (Persons in April)","1976","80 - 84 years","Female","Thousand","22.2"
"Population Estimates (Persons in April)","1976","85 years and over","Both sexes","Thousand","21.8"
"Population Estimates (Persons in April)","1976","85 years and over","Male","Thousand","8.1"
"Population Estimates (Persons in April)","1976","85 years and over","Female","Thousand","13.7"
"Population Estimates (Persons in April)","1976","All ages","Both sexes","Thousand","3227.8"
"Population Estimates (Persons in April)","1976","All ages","Male","Thousand","1622.9"
"Population Estimates (Persons in April)","1976","All ages","Female","Thousand","1605"
"Population Estimates (Persons in April)","1977","Under 1 year","Both sexes","Thousand","67.1"
"Population Estimates (Persons in April)","1977","Under 1 year","Male","Thousand","34.5"
"Population Estimates (Persons in April)","1977","Under 1 year","Female","Thousand","32.6"
"Population Estimates (Persons in April)","1977","0 - 4 years","Both sexes","Thousand",""
"Population Estimates (Persons in April)","1977","0 - 4 years","Male","Thousand",""
"Population Estimates (Persons in April)","1977","0 - 4 years","Female","Thousand",""
"Population Estimates (Persons in April)","1977","0 - 14 years","Both sexes","Thousand","1006"
"Population Estimates (Persons in April)","1977","0 - 14 years","Male","Thousand","515.1"
"Population Estimates (Persons in April)","1977","0 - 14 years","Female","Thousand","490.9"
"Population Estimates (Persons in April)","1977","1 - 4 years","Both sexes","Thousand","270.3"
"Population Estimates (Persons in April)","1977","1 - 4 years","Male","Thousand","138.3"
"Population Estimates (Persons in April)","1977","1 - 4 years","Female","Thousand","132"
"Population Estimates (Persons in April)","1977","5 - 9 years","Both sexes","Thousand","341.6"
"Population Estimates (Persons in April)","1977","5 - 9 years","Male","Thousand","174.9"
"Population Estimates (Persons in April)","1977","5 - 9 years","Female","Thousand","166.7"
"Population Estimates (Persons in April)","1977","10 - 14 years","Both sexes","Thousand","327"
"Population Estimates (Persons in April)","1977","10 - 14 years","Male","Thousand","167.4"
"Population Estimates (Persons in April)","1977","10 - 14 years","Female","Thousand","159.6"
"Population Estimates (Persons in April)","1977","15 - 19 years","Both sexes","Thousand","304.6"
"Population Estimates (Persons in April)","1977","15 - 19 years","Male","Thousand","155.7"
"Population Estimates (Persons in April)","1977","15 - 19 years","Female","Thousand","148.9"
"Population Estimates (Persons in April)","1977","15 - 24 years","Both sexes","Thousand","557.8"
"Population Estimates (Persons in April)","1977","15 - 24 years","Male","Thousand","284.9"
"Population Estimates (Persons in April)","1977","15 - 24 years","Female","Thousand","272.9"
"Population Estimates (Persons in April)","1977","15 years and over","Both sexes","Thousand","2265.9"
"Population Estimates (Persons in April)","1977","15 years and over","Male","Thousand","1129.9"
"Population Estimates (Persons in April)","1977","15 years and over","Female","Thousand","1136"
"Population Estimates (Persons in April)","1977","20 - 24 years","Both sexes","Thousand","253.2"
"Population Estimates (Persons in April)","1977","20 - 24 years","Male","Thousand","129.2"
"Population Estimates (Persons in April)","1977","20 - 24 years","Female","Thousand","124"
"Population Estimates (Persons in April)","1977","25 - 29 years","Both sexes","Thousand","222.3"
"Population Estimates (Persons in April)","1977","25 - 29 years","Male","Thousand","112.9"
"Population Estimates (Persons in April)","1977","25 - 29 years","Female","Thousand","109.4"
"Population Estimates (Persons in April)","1977","25 - 44 years","Both sexes","Thousand","753.3"
"Population Estimates (Persons in April)","1977","25 - 44 years","Male","Thousand","384.3"
"Population Estimates (Persons in April)","1977","25 - 44 years","Female","Thousand","369"
"Population Estimates (Persons in April)","1977","30 - 34 years","Both sexes","Thousand","201.9"
"Population Estimates (Persons in April)","1977","30 - 34 years","Male","Thousand","103.2"
"Population Estimates (Persons in April)","1977","30 - 34 years","Female","Thousand","98.7"
"Population Estimates (Persons in April)","1977","35 - 39 years","Both sexes","Thousand","171"
"Population Estimates (Persons in April)","1977","35 - 39 years","Male","Thousand","87.6"
"Population Estimates (Persons in April)","1977","35 - 39 years","Female","Thousand","83.4"
"Population Estimates (Persons in April)","1977","40 - 44 years","Both sexes","Thousand","158.1"
"Population Estimates (Persons in April)","1977","40 - 44 years","Male","Thousand","80.6"
"Population Estimates (Persons in April)","1977","40 - 44 years","Female","Thousand","77.5"
"Population Estimates (Persons in April)","1977","45 - 49 years","Both sexes","Thousand","154.9"
"Population Estimates (Persons in April)","1977","45 - 49 years","Male","Thousand","78.5"
"Population Estimates (Persons in April)","1977","45 - 49 years","Female","Thousand","76.4"
"Population Estimates (Persons in April)","1977","45 - 64 years","Both sexes","Thousand","601.1"
"Population Estimates (Persons in April)","1977","45 - 64 years","Male","Thousand","300.7"
"Population Estimates (Persons in April)","1977","45 - 64 years","Female","Thousand","300.4"
"Population Estimates (Persons in April)","1977","50 - 54 years","Both sexes","Thousand","154.3"
"Population Estimates (Persons in April)","1977","50 - 54 years","Male","Thousand","77.1"
"Population Estimates (Persons in April)","1977","50 - 54 years","Female","Thousand","77.2"
"Population Estimates (Persons in April)","1977","55 - 59 years","Both sexes","Thousand","154.8"
"Population Estimates (Persons in April)","1977","55 - 59 years","Male","Thousand","77"
"Population Estimates (Persons in April)","1977","55 - 59 years","Female","Thousand","77.8"
"Population Estimates (Persons in April)","1977","60 - 64 years","Both sexes","Thousand","137.1"
"Population Estimates (Persons in April)","1977","60 - 64 years","Male","Thousand","68.1"
"Population Estimates (Persons in April)","1977","60 - 64 years","Female","Thousand","69"
"Population Estimates (Persons in April)","1977","65 - 69 years","Both sexes","Thousand","128.1"
"Population Estimates (Persons in April)","1977","65 - 69 years","Male","Thousand","62.3"
"Population Estimates (Persons in April)","1977","65 - 69 years","Female","Thousand","65.8"
"Population Estimates (Persons in April)","1977","65 years and over","Both sexes","Thousand","353.7"
"Population Estimates (Persons in April)","1977","65 years and over","Male","Thousand","160"
"Population Estimates (Persons in April)","1977","65 years and over","Female","Thousand","193.7"
"Population Estimates (Persons in April)","1977","70 - 74 years","Both sexes","Thousand","98.8"
"Population Estimates (Persons in April)","1977","70 - 74 years","Male","Thousand","45.5"
"Population Estimates (Persons in April)","1977","70 - 74 years","Female","Thousand","53.3"
"Population Estimates (Persons in April)","1977","75 - 79 years","Both sexes","Thousand","67.1"
"Population Estimates (Persons in April)","1977","75 - 79 years","Male","Thousand","28.9"
"Population Estimates (Persons in April)","1977","75 - 79 years","Female","Thousand","38.2"
"Population Estimates (Persons in April)","1977","80 - 84 years","Both sexes","Thousand","37.7"
"Population Estimates (Persons in April)","1977","80 - 84 years","Male","Thousand","15.2"
"Population Estimates (Persons in April)","1977","80 - 84 years","Female","Thousand","22.5"
"Population Estimates (Persons in April)","1977","85 years and over","Both sexes","Thousand","22"
"Population Estimates (Persons in April)","1977","85 years and over","Male","Thousand","8.1"
"Population Estimates (Persons in April)","1977","85 years and over","Female","Thousand","13.9"
"Population Estimates (Persons in April)","1977","All ages","Both sexes","Thousand","3271.9"
"Population Estimates (Persons in April)","1977","All ages","Male","Thousand","1645"
"Population Estimates (Persons in April)","1977","All ages","Female","Thousand","1626.9"
"Population Estimates (Persons in April)","1978","Under 1 year","Both sexes","Thousand","68.7"
"Population Estimates (Persons in April)","1978","Under 1 year","Male","Thousand","35.3"
"Population Estimates (Persons in April)","1978","Under 1 year","Female","Thousand","33.4"
"Population Estimates (Persons in April)","1978","0 - 4 years","Both sexes","Thousand",""
"Population Estimates (Persons in April)","1978","0 - 4 years","Male","Thousand",""
"Population Estimates (Persons in April)","1978","0 - 4 years","Female","Thousand",""
"Population Estimates (Persons in April)","1978","0 - 14 years","Both sexes","Thousand","1016.1"
"Population Estimates (Persons in April)","1978","0 - 14 years","Male","Thousand","520.3"
"Population Estimates (Persons in April)","1978","0 - 14 years","Female","Thousand","495.8"
"Population Estimates (Persons in April)","1978","1 - 4 years","Both sexes","Thousand","271.4"
"Population Estimates (Persons in April)","1978","1 - 4 years","Male","Thousand","138.8"
"Population Estimates (Persons in April)","1978","1 - 4 years","Female","Thousand","132.6"
"Population Estimates (Persons in April)","1978","5 - 9 years","Both sexes","Thousand","344.9"
"Population Estimates (Persons in April)","1978","5 - 9 years","Male","Thousand","176.6"
"Population Estimates (Persons in April)","1978","5 - 9 years","Female","Thousand","168.3"
"Population Estimates (Persons in April)","1978","10 - 14 years","Both sexes","Thousand","331.1"
"Population Estimates (Persons in April)","1978","10 - 14 years","Male","Thousand","169.6"
"Population Estimates (Persons in April)","1978","10 - 14 years","Female","Thousand","161.5"
"Population Estimates (Persons in April)","1978","15 - 19 years","Both sexes","Thousand","310.3"
"Population Estimates (Persons in April)","1978","15 - 19 years","Male","Thousand","158.5"
"Population Estimates (Persons in April)","1978","15 - 19 years","Female","Thousand","151.7"
"Population Estimates (Persons in April)","1978","15 - 24 years","Both sexes","Thousand","569.5"
"Population Estimates (Persons in April)","1978","15 - 24 years","Male","Thousand","290.7"
"Population Estimates (Persons in April)","1978","15 - 24 years","Female","Thousand","278.8"
"Population Estimates (Persons in April)","1978","15 years and over","Both sexes","Thousand","2298"
"Population Estimates (Persons in April)","1978","15 years and over","Male","Thousand","1145.6"
"Population Estimates (Persons in April)","1978","15 years and over","Female","Thousand","1152.5"
"Population Estimates (Persons in April)","1978","20 - 24 years","Both sexes","Thousand","259.2"
"Population Estimates (Persons in April)","1978","20 - 24 years","Male","Thousand","132.2"
"Population Estimates (Persons in April)","1978","20 - 24 years","Female","Thousand","127.1"
"Population Estimates (Persons in April)","1978","25 - 29 years","Both sexes","Thousand","230.5"
"Population Estimates (Persons in April)","1978","25 - 29 years","Male","Thousand","117.1"
"Population Estimates (Persons in April)","1978","25 - 29 years","Female","Thousand","113.5"
"Population Estimates (Persons in April)","1978","25 - 44 years","Both sexes","Thousand","773.9"
"Population Estimates (Persons in April)","1978","25 - 44 years","Male","Thousand","395.2"
"Population Estimates (Persons in April)","1978","25 - 44 years","Female","Thousand","378.7"
"Population Estimates (Persons in April)","1978","30 - 34 years","Both sexes","Thousand","210.4"
"Population Estimates (Persons in April)","1978","30 - 34 years","Male","Thousand","107.6"
"Population Estimates (Persons in April)","1978","30 - 34 years","Female","Thousand","102.8"
"Population Estimates (Persons in April)","1978","35 - 39 years","Both sexes","Thousand","174.4"
"Population Estimates (Persons in April)","1978","35 - 39 years","Male","Thousand","89.5"
"Population Estimates (Persons in April)","1978","35 - 39 years","Female","Thousand","84.9"
"Population Estimates (Persons in April)","1978","40 - 44 years","Both sexes","Thousand","158.6"
"Population Estimates (Persons in April)","1978","40 - 44 years","Male","Thousand","81"
"Population Estimates (Persons in April)","1978","40 - 44 years","Female","Thousand","77.5"
"Population Estimates (Persons in April)","1978","45 - 49 years","Both sexes","Thousand","153.5"
"Population Estimates (Persons in April)","1978","45 - 49 years","Male","Thousand","78.1"
"Population Estimates (Persons in April)","1978","45 - 49 years","Female","Thousand","75.4"
"Population Estimates (Persons in April)","1978","45 - 64 years","Both sexes","Thousand","597.7"
"Population Estimates (Persons in April)","1978","45 - 64 years","Male","Thousand","298.5"
"Population Estimates (Persons in April)","1978","45 - 64 years","Female","Thousand","299.1"
"Population Estimates (Persons in April)","1978","50 - 54 years","Both sexes","Thousand","152.9"
"Population Estimates (Persons in April)","1978","50 - 54 years","Male","Thousand","76.2"
"Population Estimates (Persons in April)","1978","50 - 54 years","Female","Thousand","76.6"
"Population Estimates (Persons in April)","1978","55 - 59 years","Both sexes","Thousand","154.2"
"Population Estimates (Persons in April)","1978","55 - 59 years","Male","Thousand","76.4"
"Population Estimates (Persons in April)","1978","55 - 59 years","Female","Thousand","77.8"
"Population Estimates (Persons in April)","1978","60 - 64 years","Both sexes","Thousand","137.1"
"Population Estimates (Persons in April)","1978","60 - 64 years","Male","Thousand","67.8"
"Population Estimates (Persons in April)","1978","60 - 64 years","Female","Thousand","69.3"
"Population Estimates (Persons in April)","1978","65 - 69 years","Both sexes","Thousand","130.7"
"Population Estimates (Persons in April)","1978","65 - 69 years","Male","Thousand","63.5"
"Population Estimates (Persons in April)","1978","65 - 69 years","Female","Thousand","67.1"
"Population Estimates (Persons in April)","1978","65 years and over","Both sexes","Thousand","356.9"
"Population Estimates (Persons in April)","1978","65 years and over","Male","Thousand","161.2"
"Population Estimates (Persons in April)","1978","65 years and over","Female","Thousand","195.9"
"Population Estimates (Persons in April)","1978","70 - 74 years","Both sexes","Thousand","98.4"
"Population Estimates (Persons in April)","1978","70 - 74 years","Male","Thousand","45.6"
"Population Estimates (Persons in April)","1978","70 - 74 years","Female","Thousand","53"
"Population Estimates (Persons in April)","1978","75 - 79 years","Both sexes","Thousand","67.9"
"Population Estimates (Persons in April)","1978","75 - 79 years","Male","Thousand","29"
"Population Estimates (Persons in April)","1978","75 - 79 years","Female","Thousand","39"
"Population Estimates (Persons in April)","1978","80 - 84 years","Both sexes","Thousand","37.8"
"Population Estimates (Persons in April)","1978","80 - 84 years","Male","Thousand","15"
"Population Estimates (Persons in April)","1978","80 - 84 years","Female","Thousand","22.8"
"Population Estimates (Persons in April)","1978","85 years and over","Both sexes","Thousand","22.1"
"Population Estimates (Persons in April)","1978","85 years and over","Male","Thousand","8.1"
"Population Estimates (Persons in April)","1978","85 years and over","Female","Thousand","14"
"Population Estimates (Persons in April)","1978","All ages","Both sexes","Thousand","3314"
"Population Estimates (Persons in April)","1978","All ages","Male","Thousand","1666"
"Population Estimates (Persons in April)","1978","All ages","Female","Thousand","1648"
"Population Estimates (Persons in April)","1979","Under 1 year","Both sexes","Thousand","71.4"
"Population Estimates (Persons in April)","1979","Under 1 year","Male","Thousand","36.2"
"Population Estimates (Persons in April)","1979","Under 1 year","Female","Thousand","35.2"
"Population Estimates (Persons in April)","1979","0 - 4 years","Both sexes","Thousand","343.5"
"Population Estimates (Persons in April)","1979","0 - 4 years","Male","Thousand","175.6"
"Population Estimates (Persons in April)","1979","0 - 4 years","Female","Thousand","167.8"
"Population Estimates (Persons in April)","1979","0 - 14 years","Both sexes","Thousand","1029.9"
"Population Estimates (Persons in April)","1979","0 - 14 years","Male","Thousand","527"
"Population Estimates (Persons in April)","1979","0 - 14 years","Female","Thousand","502.9"
"Population Estimates (Persons in April)","1979","1 - 4 years","Both sexes","Thousand","272.1"
"Population Estimates (Persons in April)","1979","1 - 4 years","Male","Thousand","139.5"
"Population Estimates (Persons in April)","1979","1 - 4 years","Female","Thousand","132.7"
"Population Estimates (Persons in April)","1979","5 - 9 years","Both sexes","Thousand","350.1"
"Population Estimates (Persons in April)","1979","5 - 9 years","Male","Thousand","179.1"
"Population Estimates (Persons in April)","1979","5 - 9 years","Female","Thousand","171.1"
"Population Estimates (Persons in April)","1979","10 - 14 years","Both sexes","Thousand","336.3"
"Population Estimates (Persons in April)","1979","10 - 14 years","Male","Thousand","172.3"
"Population Estimates (Persons in April)","1979","10 - 14 years","Female","Thousand","164"
"Population Estimates (Persons in April)","1979","15 - 19 years","Both sexes","Thousand","317.4"
"Population Estimates (Persons in April)","1979","15 - 19 years","Male","Thousand","162.3"
"Population Estimates (Persons in April)","1979","15 - 19 years","Female","Thousand","155.1"
"Population Estimates (Persons in April)","1979","15 - 24 years","Both sexes","Thousand","583.6"
"Population Estimates (Persons in April)","1979","15 - 24 years","Male","Thousand","298.1"
"Population Estimates (Persons in April)","1979","15 - 24 years","Female","Thousand","285.6"
"Population Estimates (Persons in April)","1979","15 years and over","Both sexes","Thousand","2338.3"
"Population Estimates (Persons in April)","1979","15 years and over","Male","Thousand","1166.2"
"Population Estimates (Persons in April)","1979","15 years and over","Female","Thousand","1172.1"
"Population Estimates (Persons in April)","1979","20 - 24 years","Both sexes","Thousand","266.3"
"Population Estimates (Persons in April)","1979","20 - 24 years","Male","Thousand","135.8"
"Population Estimates (Persons in April)","1979","20 - 24 years","Female","Thousand","130.5"
"Population Estimates (Persons in April)","1979","25 - 29 years","Both sexes","Thousand","239.4"
"Population Estimates (Persons in April)","1979","25 - 29 years","Male","Thousand","121.6"
"Population Estimates (Persons in April)","1979","25 - 29 years","Female","Thousand","117.8"
"Population Estimates (Persons in April)","1979","25 - 44 years","Both sexes","Thousand","797.4"
"Population Estimates (Persons in April)","1979","25 - 44 years","Male","Thousand","407.9"
"Population Estimates (Persons in April)","1979","25 - 44 years","Female","Thousand","389.5"
"Population Estimates (Persons in April)","1979","30 - 34 years","Both sexes","Thousand","220.1"
"Population Estimates (Persons in April)","1979","30 - 34 years","Male","Thousand","112.7"
"Population Estimates (Persons in April)","1979","30 - 34 years","Female","Thousand","107.4"
"Population Estimates (Persons in April)","1979","35 - 39 years","Both sexes","Thousand","178.5"
"Population Estimates (Persons in April)","1979","35 - 39 years","Male","Thousand","91.8"
"Population Estimates (Persons in April)","1979","35 - 39 years","Female","Thousand","86.7"
"Population Estimates (Persons in April)","1979","40 - 44 years","Both sexes","Thousand","159.4"
"Population Estimates (Persons in April)","1979","40 - 44 years","Male","Thousand","81.8"
"Population Estimates (Persons in April)","1979","40 - 44 years","Female","Thousand","77.6"
"Population Estimates (Persons in April)","1979","45 - 49 years","Both sexes","Thousand","152.4"
"Population Estimates (Persons in April)","1979","45 - 49 years","Male","Thousand","77.8"
"Population Estimates (Persons in April)","1979","45 - 49 years","Female","Thousand","74.7"
"Population Estimates (Persons in April)","1979","45 - 64 years","Both sexes","Thousand","595.9"
"Population Estimates (Persons in April)","1979","45 - 64 years","Male","Thousand","297.3"
"Population Estimates (Persons in April)","1979","45 - 64 years","Female","Thousand","298.6"
"Population Estimates (Persons in April)","1979","50 - 54 years","Both sexes","Thousand","151.7"
"Population Estimates (Persons in April)","1979","50 - 54 years","Male","Thousand","75.6"
"Population Estimates (Persons in April)","1979","50 - 54 years","Female","Thousand","76.1"
"Population Estimates (Persons in April)","1979","55 - 59 years","Both sexes","Thousand","154.1"
"Population Estimates (Persons in April)","1979","55 - 59 years","Male","Thousand","76.1"
"Population Estimates (Persons in April)","1979","55 - 59 years","Female","Thousand","77.9"
"Population Estimates (Persons in April)","1979","60 - 64 years","Both sexes","Thousand","137.7"
"Population Estimates (Persons in April)","1979","60 - 64 years","Male","Thousand","67.8"
"Population Estimates (Persons in April)","1979","60 - 64 years","Female","Thousand","69.9"
"Population Estimates (Persons in April)","1979","65 - 69 years","Both sexes","Thousand","133.8"
"Population Estimates (Persons in April)","1979","65 - 69 years","Male","Thousand","65"
"Population Estimates (Persons in April)","1979","65 - 69 years","Female","Thousand","68.8"
"Population Estimates (Persons in April)","1979","65 years and over","Both sexes","Thousand","361.4"
"Population Estimates (Persons in April)","1979","65 years and over","Male","Thousand","163"
"Population Estimates (Persons in April)","1979","65 years and over","Female","Thousand","198.4"
"Population Estimates (Persons in April)","1979","70 - 74 years","Both sexes","Thousand","98.3"
"Population Estimates (Persons in April)","1979","70 - 74 years","Male","Thousand","45.8"
"Population Estimates (Persons in April)","1979","70 - 74 years","Female","Thousand","52.5"
"Population Estimates (Persons in April)","1979","75 - 79 years","Both sexes","Thousand","68.9"
"Population Estimates (Persons in April)","1979","75 - 79 years","Male","Thousand","29.1"
"Population Estimates (Persons in April)","1979","75 - 79 years","Female","Thousand","39.7"
"Population Estimates (Persons in April)","1979","80 - 84 years","Both sexes","Thousand","38"
"Population Estimates (Persons in April)","1979","80 - 84 years","Male","Thousand","14.9"
"Population Estimates (Persons in April)","1979","80 - 84 years","Female","Thousand","23.1"
"Population Estimates (Persons in April)","1979","85 years and over","Both sexes","Thousand","22.5"
"Population Estimates (Persons in April)","1979","85 years and over","Male","Thousand","8.1"
"Population Estimates (Persons in April)","1979","85 years and over","Female","Thousand","14.3"
"Population Estimates (Persons in April)","1979","All ages","Both sexes","Thousand","3368.2"
"Population Estimates (Persons in April)","1979","All ages","Male","Thousand","1693.3"
"Population Estimates (Persons in April)","1979","All ages","Female","Thousand","1674.9"
"Population Estimates (Persons in April)","1980","Under 1 year","Both sexes","Thousand","72.5"
"Population Estimates (Persons in April)","1980","Under 1 year","Male","Thousand","37.4"
"Population Estimates (Persons in April)","1980","Under 1 year","Female","Thousand","35.1"
"Population Estimates (Persons in April)","1980","0 - 4 years","Both sexes","Thousand",""
"Population Estimates (Persons in April)","1980","0 - 4 years","Male","Thousand",""
"Population Estimates (Persons in April)","1980","0 - 4 years","Female","Thousand",""
"Population Estimates (Persons in April)","1980","0 - 14 years","Both sexes","Thousand","1035.4"
"Population Estimates (Persons in April)","1980","0 - 14 years","Male","Thousand","530.6"
"Population Estimates (Persons in April)","1980","0 - 14 years","Female","Thousand","504.9"
"Population Estimates (Persons in April)","1980","1 - 4 years","Both sexes","Thousand","275.2"
"Population Estimates (Persons in April)","1980","1 - 4 years","Male","Thousand","140.7"
"Population Estimates (Persons in April)","1980","1 - 4 years","Female","Thousand","134.6"
"Population Estimates (Persons in April)","1980","5 - 9 years","Both sexes","Thousand","349.4"
"Population Estimates (Persons in April)","1980","5 - 9 years","Male","Thousand","178.9"
"Population Estimates (Persons in April)","1980","5 - 9 years","Female","Thousand","170.5"
"Population Estimates (Persons in April)","1980","10 - 14 years","Both sexes","Thousand","338.3"
"Population Estimates (Persons in April)","1980","10 - 14 years","Male","Thousand","173.6"
"Population Estimates (Persons in April)","1980","10 - 14 years","Female","Thousand","164.7"
"Population Estimates (Persons in April)","1980","15 - 19 years","Both sexes","Thousand","321.4"
"Population Estimates (Persons in April)","1980","15 - 19 years","Male","Thousand","164.3"
"Population Estimates (Persons in April)","1980","15 - 19 years","Female","Thousand","157.2"
"Population Estimates (Persons in April)","1980","15 - 24 years","Both sexes","Thousand","592.2"
"Population Estimates (Persons in April)","1980","15 - 24 years","Male","Thousand","302.2"
"Population Estimates (Persons in April)","1980","15 - 24 years","Female","Thousand","290.1"
"Population Estimates (Persons in April)","1980","15 years and over","Both sexes","Thousand","2365.8"
"Population Estimates (Persons in April)","1980","15 years and over","Male","Thousand","1178.4"
"Population Estimates (Persons in April)","1980","15 years and over","Female","Thousand","1187.1"
"Population Estimates (Persons in April)","1980","20 - 24 years","Both sexes","Thousand","270.8"
"Population Estimates (Persons in April)","1980","20 - 24 years","Male","Thousand","137.9"
"Population Estimates (Persons in April)","1980","20 - 24 years","Female","Thousand","132.9"
"Population Estimates (Persons in April)","1980","25 - 29 years","Both sexes","Thousand","242.4"
"Population Estimates (Persons in April)","1980","25 - 29 years","Male","Thousand","122.8"
"Population Estimates (Persons in April)","1980","25 - 29 years","Female","Thousand","119.6"
"Population Estimates (Persons in April)","1980","25 - 44 years","Both sexes","Thousand","816.3"
"Population Estimates (Persons in April)","1980","25 - 44 years","Male","Thousand","416.9"
"Population Estimates (Persons in April)","1980","25 - 44 years","Female","Thousand","399.4"
"Population Estimates (Persons in April)","1980","30 - 34 years","Both sexes","Thousand","225.7"
"Population Estimates (Persons in April)","1980","30 - 34 years","Male","Thousand","115.3"
"Population Estimates (Persons in April)","1980","30 - 34 years","Female","Thousand","110.3"
"Population Estimates (Persons in April)","1980","35 - 39 years","Both sexes","Thousand","185.8"
"Population Estimates (Persons in April)","1980","35 - 39 years","Male","Thousand","95.4"
"Population Estimates (Persons in April)","1980","35 - 39 years","Female","Thousand","90.5"
"Population Estimates (Persons in April)","1980","40 - 44 years","Both sexes","Thousand","162.4"
"Population Estimates (Persons in April)","1980","40 - 44 years","Male","Thousand","83.4"
"Population Estimates (Persons in April)","1980","40 - 44 years","Female","Thousand","79"
"Population Estimates (Persons in April)","1980","45 - 49 years","Both sexes","Thousand","152"
"Population Estimates (Persons in April)","1980","45 - 49 years","Male","Thousand","77.7"
"Population Estimates (Persons in April)","1980","45 - 49 years","Female","Thousand","74.3"
"Population Estimates (Persons in April)","1980","45 - 64 years","Both sexes","Thousand","592.5"
"Population Estimates (Persons in April)","1980","45 - 64 years","Male","Thousand","295.5"
"Population Estimates (Persons in April)","1980","45 - 64 years","Female","Thousand","296.9"
"Population Estimates (Persons in April)","1980","50 - 54 years","Both sexes","Thousand","150.5"
"Population Estimates (Persons in April)","1980","50 - 54 years","Male","Thousand","75.4"
"Population Estimates (Persons in April)","1980","50 - 54 years","Female","Thousand","75.1"
"Population Estimates (Persons in April)","1980","55 - 59 years","Both sexes","Thousand","151.7"
"Population Estimates (Persons in April)","1980","55 - 59 years","Male","Thousand","74.6"
"Population Estimates (Persons in April)","1980","55 - 59 years","Female","Thousand","77"
"Population Estimates (Persons in April)","1980","60 - 64 years","Both sexes","Thousand","138.3"
"Population Estimates (Persons in April)","1980","60 - 64 years","Male","Thousand","67.8"
"Population Estimates (Persons in April)","1980","60 - 64 years","Female","Thousand","70.5"
"Population Estimates (Persons in April)","1980","65 - 69 years","Both sexes","Thousand","133.7"
"Population Estimates (Persons in April)","1980","65 - 69 years","Male","Thousand","64.6"
"Population Estimates (Persons in April)","1980","65 - 69 years","Female","Thousand","69.1"
"Population Estimates (Persons in April)","1980","65 years and over","Both sexes","Thousand","364.8"
"Population Estimates (Persons in April)","1980","65 years and over","Male","Thousand","163.8"
"Population Estimates (Persons in April)","1980","65 years and over","Female","Thousand","200.7"
"Population Estimates (Persons in April)","1980","70 - 74 years","Both sexes","Thousand","100.6"
"Population Estimates (Persons in April)","1980","70 - 74 years","Male","Thousand","47"
"Population Estimates (Persons in April)","1980","70 - 74 years","Female","Thousand","53.5"
"Population Estimates (Persons in April)","1980","75 - 79 years","Both sexes","Thousand","68.6"
"Population Estimates (Persons in April)","1980","75 - 79 years","Male","Thousand","29.1"
"Population Estimates (Persons in April)","1980","75 - 79 years","Female","Thousand","39.4"
"Population Estimates (Persons in April)","1980","80 - 84 years","Both sexes","Thousand","39.2"
"Population Estimates (Persons in April)","1980","80 - 84 years","Male","Thousand","15.1"
"Population Estimates (Persons in April)","1980","80 - 84 years","Female","Thousand","24"
"Population Estimates (Persons in April)","1980","85 years and over","Both sexes","Thousand","22.7"
"Population Estimates (Persons in April)","1980","85 years and over","Male","Thousand","8"
"Population Estimates (Persons in April)","1980","85 years and over","Female","Thousand","14.7"
"Population Estimates (Persons in April)","1980","All ages","Both sexes","Thousand","3401"
"Population Estimates (Persons in April)","1980","All ages","Male","Thousand","1709"
"Population Estimates (Persons in April)","1980","All ages","Female","Thousand","1692"
"Population Estimates (Persons in April)","1981","Under 1 year","Both sexes","Thousand","73.4"
"Population Estimates (Persons in April)","1981","Under 1 year","Male","Thousand","37.7"
"Population Estimates (Persons in April)","1981","Under 1 year","Female","Thousand","35.7"
"Population Estimates (Persons in April)","1981","0 - 4 years","Both sexes","Thousand","353"
"Population Estimates (Persons in April)","1981","0 - 4 years","Male","Thousand","181"
"Population Estimates (Persons in April)","1981","0 - 4 years","Female","Thousand","171.9"
"Population Estimates (Persons in April)","1981","0 - 14 years","Both sexes","Thousand","1043.7"
"Population Estimates (Persons in April)","1981","0 - 14 years","Male","Thousand","535.4"
"Population Estimates (Persons in April)","1981","0 - 14 years","Female","Thousand","508.3"
"Population Estimates (Persons in April)","1981","1 - 4 years","Both sexes","Thousand","279.6"
"Population Estimates (Persons in April)","1981","1 - 4 years","Male","Thousand","143.3"
"Population Estimates (Persons in April)","1981","1 - 4 years","Female","Thousand","136.3"
"Population Estimates (Persons in April)","1981","5 - 9 years","Both sexes","Thousand","349.5"
"Population Estimates (Persons in April)","1981","5 - 9 years","Male","Thousand","179.1"
"Population Estimates (Persons in April)","1981","5 - 9 years","Female","Thousand","170.4"
"Population Estimates (Persons in April)","1981","10 - 14 years","Both sexes","Thousand","341.2"
"Population Estimates (Persons in April)","1981","10 - 14 years","Male","Thousand","175.3"
"Population Estimates (Persons in April)","1981","10 - 14 years","Female","Thousand","166"
"Population Estimates (Persons in April)","1981","15 - 19 years","Both sexes","Thousand","326.4"
"Population Estimates (Persons in April)","1981","15 - 19 years","Male","Thousand","166.7"
"Population Estimates (Persons in April)","1981","15 - 19 years","Female","Thousand","159.8"
"Population Estimates (Persons in April)","1981","15 - 24 years","Both sexes","Thousand","602.6"
"Population Estimates (Persons in April)","1981","15 - 24 years","Male","Thousand","307.1"
"Population Estimates (Persons in April)","1981","15 - 24 years","Female","Thousand","295.4"
"Population Estimates (Persons in April)","1981","15 years and over","Both sexes","Thousand","2399.7"
"Population Estimates (Persons in April)","1981","15 years and over","Male","Thousand","1193.9"
"Population Estimates (Persons in April)","1981","15 years and over","Female","Thousand","1205.7"
"Population Estimates (Persons in April)","1981","20 - 24 years","Both sexes","Thousand","276.1"
"Population Estimates (Persons in April)","1981","20 - 24 years","Male","Thousand","140.4"
"Population Estimates (Persons in April)","1981","20 - 24 years","Female","Thousand","135.7"
"Population Estimates (Persons in April)","1981","25 - 29 years","Both sexes","Thousand","246.1"
"Population Estimates (Persons in April)","1981","25 - 29 years","Male","Thousand","124.4"
"Population Estimates (Persons in April)","1981","25 - 29 years","Female","Thousand","121.7"
"Population Estimates (Persons in April)","1981","25 - 44 years","Both sexes","Thousand","837.8"
"Population Estimates (Persons in April)","1981","25 - 44 years","Male","Thousand","427.3"
"Population Estimates (Persons in April)","1981","25 - 44 years","Female","Thousand","410.5"
"Population Estimates (Persons in April)","1981","30 - 34 years","Both sexes","Thousand","232"
"Population Estimates (Persons in April)","1981","30 - 34 years","Male","Thousand","118.3"
"Population Estimates (Persons in April)","1981","30 - 34 years","Female","Thousand","113.7"
"Population Estimates (Persons in April)","1981","35 - 39 years","Both sexes","Thousand","193.8"
"Population Estimates (Persons in April)","1981","35 - 39 years","Male","Thousand","99.3"
"Population Estimates (Persons in April)","1981","35 - 39 years","Female","Thousand","94.5"
"Population Estimates (Persons in April)","1981","40 - 44 years","Both sexes","Thousand","165.9"
"Population Estimates (Persons in April)","1981","40 - 44 years","Male","Thousand","85.3"
"Population Estimates (Persons in April)","1981","40 - 44 years","Female","Thousand","80.6"
"Population Estimates (Persons in April)","1981","45 - 49 years","Both sexes","Thousand","151.9"
"Population Estimates (Persons in April)","1981","45 - 49 years","Male","Thousand","77.8"
"Population Estimates (Persons in April)","1981","45 - 49 years","Female","Thousand","74.1"
"Population Estimates (Persons in April)","1981","45 - 64 years","Both sexes","Thousand","590.4"
"Population Estimates (Persons in April)","1981","45 - 64 years","Male","Thousand","294.4"
"Population Estimates (Persons in April)","1981","45 - 64 years","Female","Thousand","296"
"Population Estimates (Persons in April)","1981","50 - 54 years","Both sexes","Thousand","149.7"
"Population Estimates (Persons in April)","1981","50 - 54 years","Male","Thousand","75.3"
"Population Estimates (Persons in April)","1981","50 - 54 years","Female","Thousand","74.4"
"Population Estimates (Persons in April)","1981","55 - 59 years","Both sexes","Thousand","149.6"
"Population Estimates (Persons in April)","1981","55 - 59 years","Male","Thousand","73.3"
"Population Estimates (Persons in April)","1981","55 - 59 years","Female","Thousand","76.3"
"Population Estimates (Persons in April)","1981","60 - 64 years","Both sexes","Thousand","139.3"
"Population Estimates (Persons in April)","1981","60 - 64 years","Male","Thousand","68"
"Population Estimates (Persons in April)","1981","60 - 64 years","Female","Thousand","71.3"
"Population Estimates (Persons in April)","1981","65 - 69 years","Both sexes","Thousand","133.9"
"Population Estimates (Persons in April)","1981","65 - 69 years","Male","Thousand","64.3"
"Population Estimates (Persons in April)","1981","65 - 69 years","Female","Thousand","69.6"
"Population Estimates (Persons in April)","1981","65 years and over","Both sexes","Thousand","369"
"Population Estimates (Persons in April)","1981","65 years and over","Male","Thousand","165.2"
"Population Estimates (Persons in April)","1981","65 years and over","Female","Thousand","203.8"
"Population Estimates (Persons in April)","1981","70 - 74 years","Both sexes","Thousand","103.1"
"Population Estimates (Persons in April)","1981","70 - 74 years","Male","Thousand","48.4"
"Population Estimates (Persons in April)","1981","70 - 74 years","Female","Thousand","54.8"
"Population Estimates (Persons in April)","1981","75 - 79 years","Both sexes","Thousand","68.5"
"Population Estimates (Persons in April)","1981","75 - 79 years","Male","Thousand","29.2"
"Population Estimates (Persons in April)","1981","75 - 79 years","Female","Thousand","39.3"
"Population Estimates (Persons in April)","1981","80 - 84 years","Both sexes","Thousand","40.5"
"Population Estimates (Persons in April)","1981","80 - 84 years","Male","Thousand","15.4"
"Population Estimates (Persons in April)","1981","80 - 84 years","Female","Thousand","25"
"Population Estimates (Persons in April)","1981","85 years and over","Both sexes","Thousand","23"
"Population Estimates (Persons in April)","1981","85 years and over","Male","Thousand","7.9"
"Population Estimates (Persons in April)","1981","85 years and over","Female","Thousand","15.1"
"Population Estimates (Persons in April)","1981","All ages","Both sexes","Thousand","3443.4"
"Population Estimates (Persons in April)","1981","All ages","Male","Thousand","1729.4"
"Population Estimates (Persons in April)","1981","All ages","Female","Thousand","1714.1"
"Population Estimates (Persons in April)","1982","Under 1 year","Both sexes","Thousand","71"
"Population Estimates (Persons in April)","1982","Under 1 year","Male","Thousand","36.4"
"Population Estimates (Persons in April)","1982","Under 1 year","Female","Thousand","34.6"
"Population Estimates (Persons in April)","1982","0 - 4 years","Both sexes","Thousand",""
"Population Estimates (Persons in April)","1982","0 - 4 years","Male","Thousand",""
"Population Estimates (Persons in April)","1982","0 - 4 years","Female","Thousand",""
"Population Estimates (Persons in April)","1982","0 - 14 years","Both sexes","Thousand","1045.4"
"Population Estimates (Persons in April)","1982","0 - 14 years","Male","Thousand","536.3"
"Population Estimates (Persons in April)","1982","0 - 14 years","Female","Thousand","509.1"
"Population Estimates (Persons in April)","1982","1 - 4 years","Both sexes","Thousand","278.2"
"Population Estimates (Persons in April)","1982","1 - 4 years","Male","Thousand","142.7"
"Population Estimates (Persons in April)","1982","1 - 4 years","Female","Thousand","135.5"
"Population Estimates (Persons in April)","1982","5 - 9 years","Both sexes","Thousand","351.5"
"Population Estimates (Persons in April)","1982","5 - 9 years","Male","Thousand","180.2"
"Population Estimates (Persons in April)","1982","5 - 9 years","Female","Thousand","171.3"
"Population Estimates (Persons in April)","1982","10 - 14 years","Both sexes","Thousand","344.7"
"Population Estimates (Persons in April)","1982","10 - 14 years","Male","Thousand","177"
"Population Estimates (Persons in April)","1982","10 - 14 years","Female","Thousand","167.7"
"Population Estimates (Persons in April)","1982","15 - 19 years","Both sexes","Thousand","329.1"
"Population Estimates (Persons in April)","1982","15 - 19 years","Male","Thousand","168.2"
"Population Estimates (Persons in April)","1982","15 - 19 years","Female","Thousand","160.9"
"Population Estimates (Persons in April)","1982","15 - 24 years","Both sexes","Thousand","608.8"
"Population Estimates (Persons in April)","1982","15 - 24 years","Male","Thousand","310.1"
"Population Estimates (Persons in April)","1982","15 - 24 years","Female","Thousand","298.7"
"Population Estimates (Persons in April)","1982","15 years and over","Both sexes","Thousand","2434.6"
"Population Estimates (Persons in April)","1982","15 years and over","Male","Thousand","1209.7"
"Population Estimates (Persons in April)","1982","15 years and over","Female","Thousand","1224.9"
"Population Estimates (Persons in April)","1982","20 - 24 years","Both sexes","Thousand","279.7"
"Population Estimates (Persons in April)","1982","20 - 24 years","Male","Thousand","141.9"
"Population Estimates (Persons in April)","1982","20 - 24 years","Female","Thousand","137.8"
"Population Estimates (Persons in April)","1982","25 - 29 years","Both sexes","Thousand","249.8"
"Population Estimates (Persons in April)","1982","25 - 29 years","Male","Thousand","126"
"Population Estimates (Persons in April)","1982","25 - 29 years","Female","Thousand","123.8"
"Population Estimates (Persons in April)","1982","25 - 44 years","Both sexes","Thousand","858.8"
"Population Estimates (Persons in April)","1982","25 - 44 years","Male","Thousand","437.1"
"Population Estimates (Persons in April)","1982","25 - 44 years","Female","Thousand","421.7"
"Population Estimates (Persons in April)","1982","30 - 34 years","Both sexes","Thousand","235.3"
"Population Estimates (Persons in April)","1982","30 - 34 years","Male","Thousand","119.7"
"Population Estimates (Persons in April)","1982","30 - 34 years","Female","Thousand","115.6"
"Population Estimates (Persons in April)","1982","35 - 39 years","Both sexes","Thousand","201.9"
"Population Estimates (Persons in April)","1982","35 - 39 years","Male","Thousand","103.2"
"Population Estimates (Persons in April)","1982","35 - 39 years","Female","Thousand","98.7"
"Population Estimates (Persons in April)","1982","40 - 44 years","Both sexes","Thousand","171.8"
"Population Estimates (Persons in April)","1982","40 - 44 years","Male","Thousand","88.2"
"Population Estimates (Persons in April)","1982","40 - 44 years","Female","Thousand","83.6"
"Population Estimates (Persons in April)","1982","45 - 49 years","Both sexes","Thousand","154.5"
"Population Estimates (Persons in April)","1982","45 - 49 years","Male","Thousand","79.1"
"Population Estimates (Persons in April)","1982","45 - 49 years","Female","Thousand","75.4"
"Population Estimates (Persons in April)","1982","45 - 64 years","Both sexes","Thousand","593.2"
"Population Estimates (Persons in April)","1982","45 - 64 years","Male","Thousand","295.8"
"Population Estimates (Persons in April)","1982","45 - 64 years","Female","Thousand","297.4"
"Population Estimates (Persons in April)","1982","50 - 54 years","Both sexes","Thousand","149.9"
"Population Estimates (Persons in April)","1982","50 - 54 years","Male","Thousand","75.6"
"Population Estimates (Persons in April)","1982","50 - 54 years","Female","Thousand","74.3"
"Population Estimates (Persons in April)","1982","55 - 59 years","Both sexes","Thousand","148.8"
"Population Estimates (Persons in April)","1982","55 - 59 years","Male","Thousand","73"
"Population Estimates (Persons in April)","1982","55 - 59 years","Female","Thousand","75.8"
"Population Estimates (Persons in April)","1982","60 - 64 years","Both sexes","Thousand","140"
"Population Estimates (Persons in April)","1982","60 - 64 years","Male","Thousand","68.1"
"Population Estimates (Persons in April)","1982","60 - 64 years","Female","Thousand","71.9"
"Population Estimates (Persons in April)","1982","65 - 69 years","Both sexes","Thousand","133.7"
"Population Estimates (Persons in April)","1982","65 - 69 years","Male","Thousand","64"
"Population Estimates (Persons in April)","1982","65 - 69 years","Female","Thousand","69.7"
"Population Estimates (Persons in April)","1982","65 years and over","Both sexes","Thousand","373.8"
"Population Estimates (Persons in April)","1982","65 years and over","Male","Thousand","166.7"
"Population Estimates (Persons in April)","1982","65 years and over","Female","Thousand","207.1"
"Population Estimates (Persons in April)","1982","70 - 74 years","Both sexes","Thousand","105.2"
"Population Estimates (Persons in April)","1982","70 - 74 years","Male","Thousand","49.1"
"Population Estimates (Persons in April)","1982","70 - 74 years","Female","Thousand","56.1"
"Population Estimates (Persons in April)","1982","75 - 79 years","Both sexes","Thousand","70.2"
"Population Estimates (Persons in April)","1982","75 - 79 years","Male","Thousand","30"
"Population Estimates (Persons in April)","1982","75 - 79 years","Female","Thousand","40.2"
"Population Estimates (Persons in April)","1982","80 - 84 years","Both sexes","Thousand","41.1"
"Population Estimates (Persons in April)","1982","80 - 84 years","Male","Thousand","15.6"
"Population Estimates (Persons in April)","1982","80 - 84 years","Female","Thousand","25.5"
"Population Estimates (Persons in April)","1982","85 years and over","Both sexes","Thousand","23.6"
"Population Estimates (Persons in April)","1982","85 years and over","Male","Thousand","8"
"Population Estimates (Persons in April)","1982","85 years and over","Female","Thousand","15.6"
"Population Estimates (Persons in April)","1982","All ages","Both sexes","Thousand","3480"
"Population Estimates (Persons in April)","1982","All ages","Male","Thousand","1746"
"Population Estimates (Persons in April)","1982","All ages","Female","Thousand","1734"
"Population Estimates (Persons in April)","1983","Under 1 year","Both sexes","Thousand","70"
"Population Estimates (Persons in April)","1983","Under 1 year","Male","Thousand","35.9"
"Population Estimates (Persons in April)","1983","Under 1 year","Female","Thousand","34.1"
"Population Estimates (Persons in April)","1983","0 - 4 years","Both sexes","Thousand",""
"Population Estimates (Persons in April)","1983","0 - 4 years","Male","Thousand",""
"Population Estimates (Persons in April)","1983","0 - 4 years","Female","Thousand",""
"Population Estimates (Persons in April)","1983","0 - 14 years","Both sexes","Thousand","1043"
"Population Estimates (Persons in April)","1983","0 - 14 years","Male","Thousand","535"
"Population Estimates (Persons in April)","1983","0 - 14 years","Female","Thousand","508"
"Population Estimates (Persons in April)","1983","1 - 4 years","Both sexes","Thousand","273.8"
"Population Estimates (Persons in April)","1983","1 - 4 years","Male","Thousand","140.5"
"Population Estimates (Persons in April)","1983","1 - 4 years","Female","Thousand","133.3"
"Population Estimates (Persons in April)","1983","5 - 9 years","Both sexes","Thousand","352.3"
"Population Estimates (Persons in April)","1983","5 - 9 years","Male","Thousand","180.6"
"Population Estimates (Persons in April)","1983","5 - 9 years","Female","Thousand","171.7"
"Population Estimates (Persons in April)","1983","10 - 14 years","Both sexes","Thousand","346.9"
"Population Estimates (Persons in April)","1983","10 - 14 years","Male","Thousand","178"
"Population Estimates (Persons in April)","1983","10 - 14 years","Female","Thousand","168.9"
"Population Estimates (Persons in April)","1983","15 - 19 years","Both sexes","Thousand","330.4"
"Population Estimates (Persons in April)","1983","15 - 19 years","Male","Thousand","169"
"Population Estimates (Persons in April)","1983","15 - 19 years","Female","Thousand","161.4"
"Population Estimates (Persons in April)","1983","15 - 24 years","Both sexes","Thousand","612.5"
"Population Estimates (Persons in April)","1983","15 - 24 years","Male","Thousand","311.9"
"Population Estimates (Persons in April)","1983","15 - 24 years","Female","Thousand","300.6"
"Population Estimates (Persons in April)","1983","15 years and over","Both sexes","Thousand","2461"
"Population Estimates (Persons in April)","1983","15 years and over","Male","Thousand","1221.3"
"Population Estimates (Persons in April)","1983","15 years and over","Female","Thousand","1239.7"
"Population Estimates (Persons in April)","1983","20 - 24 years","Both sexes","Thousand","282.1"
"Population Estimates (Persons in April)","1983","20 - 24 years","Male","Thousand","142.9"
"Population Estimates (Persons in April)","1983","20 - 24 years","Female","Thousand","139.2"
"Population Estimates (Persons in April)","1983","25 - 29 years","Both sexes","Thousand","252.6"
"Population Estimates (Persons in April)","1983","25 - 29 years","Male","Thousand","127"
"Population Estimates (Persons in April)","1983","25 - 29 years","Female","Thousand","125.6"
"Population Estimates (Persons in April)","1983","25 - 44 years","Both sexes","Thousand","876.8"
"Population Estimates (Persons in April)","1983","25 - 44 years","Male","Thousand","445.2"
"Population Estimates (Persons in April)","1983","25 - 44 years","Female","Thousand","431.6"
"Population Estimates (Persons in April)","1983","30 - 34 years","Both sexes","Thousand","237.7"
"Population Estimates (Persons in April)","1983","30 - 34 years","Male","Thousand","120.6"
"Population Estimates (Persons in April)","1983","30 - 34 years","Female","Thousand","117.1"
"Population Estimates (Persons in April)","1983","35 - 39 years","Both sexes","Thousand","209.3"
"Population Estimates (Persons in April)","1983","35 - 39 years","Male","Thousand","106.7"
"Population Estimates (Persons in April)","1983","35 - 39 years","Female","Thousand","102.6"
"Population Estimates (Persons in April)","1983","40 - 44 years","Both sexes","Thousand","177.2"
"Population Estimates (Persons in April)","1983","40 - 44 years","Male","Thousand","90.9"
"Population Estimates (Persons in April)","1983","40 - 44 years","Female","Thousand","86.3"
"Population Estimates (Persons in April)","1983","45 - 49 years","Both sexes","Thousand","156.8"
"Population Estimates (Persons in April)","1983","45 - 49 years","Male","Thousand","80.3"
"Population Estimates (Persons in April)","1983","45 - 49 years","Female","Thousand","76.5"
"Population Estimates (Persons in April)","1983","45 - 64 years","Both sexes","Thousand","594.4"
"Population Estimates (Persons in April)","1983","45 - 64 years","Male","Thousand","296.6"
"Population Estimates (Persons in April)","1983","45 - 64 years","Female","Thousand","297.8"
"Population Estimates (Persons in April)","1983","50 - 54 years","Both sexes","Thousand","149.7"
"Population Estimates (Persons in April)","1983","50 - 54 years","Male","Thousand","75.7"
"Population Estimates (Persons in April)","1983","50 - 54 years","Female","Thousand","74"
"Population Estimates (Persons in April)","1983","55 - 59 years","Both sexes","Thousand","147.6"
"Population Estimates (Persons in April)","1983","55 - 59 years","Male","Thousand","72.6"
"Population Estimates (Persons in April)","1983","55 - 59 years","Female","Thousand","75"
"Population Estimates (Persons in April)","1983","60 - 64 years","Both sexes","Thousand","140.3"
"Population Estimates (Persons in April)","1983","60 - 64 years","Male","Thousand","68"
"Population Estimates (Persons in April)","1983","60 - 64 years","Female","Thousand","72.3"
"Population Estimates (Persons in April)","1983","65 - 69 years","Both sexes","Thousand","133"
"Population Estimates (Persons in April)","1983","65 - 69 years","Male","Thousand","63.4"
"Population Estimates (Persons in April)","1983","65 - 69 years","Female","Thousand","69.6"
"Population Estimates (Persons in April)","1983","65 years and over","Both sexes","Thousand","377.3"
"Population Estimates (Persons in April)","1983","65 years and over","Male","Thousand","167.6"
"Population Estimates (Persons in April)","1983","65 years and over","Female","Thousand","209.7"
"Population Estimates (Persons in April)","1983","70 - 74 years","Both sexes","Thousand","106.9"
"Population Estimates (Persons in April)","1983","70 - 74 years","Male","Thousand","49.7"
"Population Estimates (Persons in April)","1983","70 - 74 years","Female","Thousand","57.2"
"Population Estimates (Persons in April)","1983","75 - 79 years","Both sexes","Thousand","71.7"
"Population Estimates (Persons in April)","1983","75 - 79 years","Male","Thousand","30.7"
"Population Estimates (Persons in April)","1983","75 - 79 years","Female","Thousand","41"
"Population Estimates (Persons in April)","1983","80 - 84 years","Both sexes","Thousand","41.6"
"Population Estimates (Persons in April)","1983","80 - 84 years","Male","Thousand","15.8"
"Population Estimates (Persons in April)","1983","80 - 84 years","Female","Thousand","25.8"
"Population Estimates (Persons in April)","1983","85 years and over","Both sexes","Thousand","24.1"
"Population Estimates (Persons in April)","1983","85 years and over","Male","Thousand","8"
"Population Estimates (Persons in April)","1983","85 years and over","Female","Thousand","16.1"
"Population Estimates (Persons in April)","1983","All ages","Both sexes","Thousand","3504"
"Population Estimates (Persons in April)","1983","All ages","Male","Thousand","1756.3"
"Population Estimates (Persons in April)","1983","All ages","Female","Thousand","1747.7"
"Population Estimates (Persons in April)","1984","Under 1 year","Both sexes","Thousand","66.1"
"Population Estimates (Persons in April)","1984","Under 1 year","Male","Thousand","34.1"
"Population Estimates (Persons in April)","1984","Under 1 year","Female","Thousand","32"
"Population Estimates (Persons in April)","1984","0 - 4 years","Both sexes","Thousand",""
"Population Estimates (Persons in April)","1984","0 - 4 years","Male","Thousand",""
"Population Estimates (Persons in April)","1984","0 - 4 years","Female","Thousand",""
"Population Estimates (Persons in April)","1984","0 - 14 years","Both sexes","Thousand","1040.6"
"Population Estimates (Persons in April)","1984","0 - 14 years","Male","Thousand","533.8"
"Population Estimates (Persons in April)","1984","0 - 14 years","Female","Thousand","506.8"
"Population Estimates (Persons in April)","1984","1 - 4 years","Both sexes","Thousand","272.4"
"Population Estimates (Persons in April)","1984","1 - 4 years","Male","Thousand","139.6"
"Population Estimates (Persons in April)","1984","1 - 4 years","Female","Thousand","132.8"
"Population Estimates (Persons in April)","1984","5 - 9 years","Both sexes","Thousand","353"
"Population Estimates (Persons in April)","1984","5 - 9 years","Male","Thousand","181"
"Population Estimates (Persons in April)","1984","5 - 9 years","Female","Thousand","172"
"Population Estimates (Persons in April)","1984","10 - 14 years","Both sexes","Thousand","349.1"
"Population Estimates (Persons in April)","1984","10 - 14 years","Male","Thousand","179.1"
"Population Estimates (Persons in April)","1984","10 - 14 years","Female","Thousand","170"
"Population Estimates (Persons in April)","1984","15 - 19 years","Both sexes","Thousand","332"
"Population Estimates (Persons in April)","1984","15 - 19 years","Male","Thousand","170"
"Population Estimates (Persons in April)","1984","15 - 19 years","Female","Thousand","162"
"Population Estimates (Persons in April)","1984","15 - 24 years","Both sexes","Thousand","616.6"
"Population Estimates (Persons in April)","1984","15 - 24 years","Male","Thousand","313.8"
"Population Estimates (Persons in April)","1984","15 - 24 years","Female","Thousand","302.8"
"Population Estimates (Persons in April)","1984","15 years and over","Both sexes","Thousand","2488.4"
"Population Estimates (Persons in April)","1984","15 years and over","Male","Thousand","1233.2"
"Population Estimates (Persons in April)","1984","15 years and over","Female","Thousand","1255.2"
"Population Estimates (Persons in April)","1984","20 - 24 years","Both sexes","Thousand","284.6"
"Population Estimates (Persons in April)","1984","20 - 24 years","Male","Thousand","143.8"
"Population Estimates (Persons in April)","1984","20 - 24 years","Female","Thousand","140.8"
"Population Estimates (Persons in April)","1984","25 - 29 years","Both sexes","Thousand","255.5"
"Population Estimates (Persons in April)","1984","25 - 29 years","Male","Thousand","128.2"
"Population Estimates (Persons in April)","1984","25 - 29 years","Female","Thousand","127.3"
"Population Estimates (Persons in April)","1984","25 - 44 years","Both sexes","Thousand","895.4"
"Population Estimates (Persons in April)","1984","25 - 44 years","Male","Thousand","453.7"
"Population Estimates (Persons in April)","1984","25 - 44 years","Female","Thousand","441.7"
"Population Estimates (Persons in April)","1984","30 - 34 years","Both sexes","Thousand","240.3"
"Population Estimates (Persons in April)","1984","30 - 34 years","Male","Thousand","121.6"
"Population Estimates (Persons in April)","1984","30 - 34 years","Female","Thousand","118.7"
"Population Estimates (Persons in April)","1984","35 - 39 years","Both sexes","Thousand","216.8"
"Population Estimates (Persons in April)","1984","35 - 39 years","Male","Thousand","110.3"
"Population Estimates (Persons in April)","1984","35 - 39 years","Female","Thousand","106.5"
"Population Estimates (Persons in April)","1984","40 - 44 years","Both sexes","Thousand","182.8"
"Population Estimates (Persons in April)","1984","40 - 44 years","Male","Thousand","93.6"
"Population Estimates (Persons in April)","1984","40 - 44 years","Female","Thousand","89.2"
"Population Estimates (Persons in April)","1984","45 - 49 years","Both sexes","Thousand","159"
"Population Estimates (Persons in April)","1984","45 - 49 years","Male","Thousand","81.4"
"Population Estimates (Persons in April)","1984","45 - 49 years","Female","Thousand","77.6"
"Population Estimates (Persons in April)","1984","45 - 64 years","Both sexes","Thousand","595.7"
"Population Estimates (Persons in April)","1984","45 - 64 years","Male","Thousand","297.4"
"Population Estimates (Persons in April)","1984","45 - 64 years","Female","Thousand","298.3"
"Population Estimates (Persons in April)","1984","50 - 54 years","Both sexes","Thousand","149.6"
"Population Estimates (Persons in April)","1984","50 - 54 years","Male","Thousand","75.8"
"Population Estimates (Persons in April)","1984","50 - 54 years","Female","Thousand","73.8"
"Population Estimates (Persons in April)","1984","55 - 59 years","Both sexes","Thousand","146.4"
"Population Estimates (Persons in April)","1984","55 - 59 years","Male","Thousand","72.2"
"Population Estimates (Persons in April)","1984","55 - 59 years","Female","Thousand","74.2"
"Population Estimates (Persons in April)","1984","60 - 64 years","Both sexes","Thousand","140.7"
"Population Estimates (Persons in April)","1984","60 - 64 years","Male","Thousand","68"
"Population Estimates (Persons in April)","1984","60 - 64 years","Female","Thousand","72.7"
"Population Estimates (Persons in April)","1984","65 - 69 years","Both sexes","Thousand","132.2"
"Population Estimates (Persons in April)","1984","65 - 69 years","Male","Thousand","62.8"
"Population Estimates (Persons in April)","1984","65 - 69 years","Female","Thousand","69.4"
"Population Estimates (Persons in April)","1984","65 years and over","Both sexes","Thousand","380.7"
"Population Estimates (Persons in April)","1984","65 years and over","Male","Thousand","168.3"
"Population Estimates (Persons in April)","1984","65 years and over","Female","Thousand","212.4"
"Population Estimates (Persons in April)","1984","70 - 74 years","Both sexes","Thousand","108.6"
"Population Estimates (Persons in April)","1984","70 - 74 years","Male","Thousand","50.2"
"Population Estimates (Persons in April)","1984","70 - 74 years","Female","Thousand","58.4"
"Population Estimates (Persons in April)","1984","75 - 79 years","Both sexes","Thousand","73.1"
"Population Estimates (Persons in April)","1984","75 - 79 years","Male","Thousand","31.4"
"Population Estimates (Persons in April)","1984","75 - 79 years","Female","Thousand","41.7"
"Population Estimates (Persons in April)","1984","80 - 84 years","Both sexes","Thousand","42.2"
"Population Estimates (Persons in April)","1984","80 - 84 years","Male","Thousand","15.9"
"Population Estimates (Persons in April)","1984","80 - 84 years","Female","Thousand","26.3"
"Population Estimates (Persons in April)","1984","85 years and over","Both sexes","Thousand","24.6"
"Population Estimates (Persons in April)","1984","85 years and over","Male","Thousand","8"
"Population Estimates (Persons in April)","1984","85 years and over","Female","Thousand","16.6"
"Population Estimates (Persons in April)","1984","All ages","Both sexes","Thousand","3529"
"Population Estimates (Persons in April)","1984","All ages","Male","Thousand","1767"
"Population Estimates (Persons in April)","1984","All ages","Female","Thousand","1762"
"Population Estimates (Persons in April)","1985","Under 1 year","Both sexes","Thousand","63.7"
"Population Estimates (Persons in April)","1985","Under 1 year","Male","Thousand","32.9"
"Population Estimates (Persons in April)","1985","Under 1 year","Female","Thousand","30.8"
"Population Estimates (Persons in April)","1985","0 - 4 years","Both sexes","Thousand",""
"Population Estimates (Persons in April)","1985","0 - 4 years","Male","Thousand",""
"Population Estimates (Persons in April)","1985","0 - 4 years","Female","Thousand",""
"Population Estimates (Persons in April)","1985","0 - 14 years","Both sexes","Thousand","1034.3"
"Population Estimates (Persons in April)","1985","0 - 14 years","Male","Thousand","530.5"
"Population Estimates (Persons in April)","1985","0 - 14 years","Female","Thousand","503.8"
"Population Estimates (Persons in April)","1985","1 - 4 years","Both sexes","Thousand","268.1"
"Population Estimates (Persons in April)","1985","1 - 4 years","Male","Thousand","137.4"
"Population Estimates (Persons in April)","1985","1 - 4 years","Female","Thousand","130.7"
"Population Estimates (Persons in April)","1985","5 - 9 years","Both sexes","Thousand","352.4"
"Population Estimates (Persons in April)","1985","5 - 9 years","Male","Thousand","180.7"
"Population Estimates (Persons in April)","1985","5 - 9 years","Female","Thousand","171.7"
"Population Estimates (Persons in April)","1985","10 - 14 years","Both sexes","Thousand","350.1"
"Population Estimates (Persons in April)","1985","10 - 14 years","Male","Thousand","179.5"
"Population Estimates (Persons in April)","1985","10 - 14 years","Female","Thousand","170.6"
"Population Estimates (Persons in April)","1985","15 - 19 years","Both sexes","Thousand","332"
"Population Estimates (Persons in April)","1985","15 - 19 years","Male","Thousand","170.2"
"Population Estimates (Persons in April)","1985","15 - 19 years","Female","Thousand","161.8"
"Population Estimates (Persons in April)","1985","15 - 24 years","Both sexes","Thousand","618"
"Population Estimates (Persons in April)","1985","15 - 24 years","Male","Thousand","314.4"
"Population Estimates (Persons in April)","1985","15 - 24 years","Female","Thousand","303.6"
"Population Estimates (Persons in April)","1985","15 years and over","Both sexes","Thousand","2505.7"
"Population Estimates (Persons in April)","1985","15 years and over","Male","Thousand","1240.5"
"Population Estimates (Persons in April)","1985","15 years and over","Female","Thousand","1265.2"
"Population Estimates (Persons in April)","1985","20 - 24 years","Both sexes","Thousand","286"
"Population Estimates (Persons in April)","1985","20 - 24 years","Male","Thousand","144.2"
"Population Estimates (Persons in April)","1985","20 - 24 years","Female","Thousand","141.8"
"Population Estimates (Persons in April)","1985","25 - 29 years","Both sexes","Thousand","257.4"
"Population Estimates (Persons in April)","1985","25 - 29 years","Male","Thousand","128.9"
"Population Estimates (Persons in April)","1985","25 - 29 years","Female","Thousand","128.5"
"Population Estimates (Persons in April)","1985","25 - 44 years","Both sexes","Thousand","910.4"
"Population Estimates (Persons in April)","1985","25 - 44 years","Male","Thousand","460.5"
"Population Estimates (Persons in April)","1985","25 - 44 years","Female","Thousand","449.9"
"Population Estimates (Persons in April)","1985","30 - 34 years","Both sexes","Thousand","241.9"
"Population Estimates (Persons in April)","1985","30 - 34 years","Male","Thousand","122.1"
"Population Estimates (Persons in April)","1985","30 - 34 years","Female","Thousand","119.8"
"Population Estimates (Persons in April)","1985","35 - 39 years","Both sexes","Thousand","223.6"
"Population Estimates (Persons in April)","1985","35 - 39 years","Male","Thousand","113.6"
"Population Estimates (Persons in April)","1985","35 - 39 years","Female","Thousand","110"
"Population Estimates (Persons in April)","1985","40 - 44 years","Both sexes","Thousand","187.5"
"Population Estimates (Persons in April)","1985","40 - 44 years","Male","Thousand","95.9"
"Population Estimates (Persons in April)","1985","40 - 44 years","Female","Thousand","91.6"
"Population Estimates (Persons in April)","1985","45 - 49 years","Both sexes","Thousand","160.6"
"Population Estimates (Persons in April)","1985","45 - 49 years","Male","Thousand","82.2"
"Population Estimates (Persons in April)","1985","45 - 49 years","Female","Thousand","78.4"
"Population Estimates (Persons in April)","1985","45 - 64 years","Both sexes","Thousand","594.5"
"Population Estimates (Persons in April)","1985","45 - 64 years","Male","Thousand","297"
"Population Estimates (Persons in April)","1985","45 - 64 years","Female","Thousand","297.5"
"Population Estimates (Persons in April)","1985","50 - 54 years","Both sexes","Thousand","148.8"
"Population Estimates (Persons in April)","1985","50 - 54 years","Male","Thousand","75.6"
"Population Estimates (Persons in April)","1985","50 - 54 years","Female","Thousand","73.2"
"Population Estimates (Persons in April)","1985","55 - 59 years","Both sexes","Thousand","144.5"
"Population Estimates (Persons in April)","1985","55 - 59 years","Male","Thousand","71.5"
"Population Estimates (Persons in April)","1985","55 - 59 years","Female","Thousand","73"
"Population Estimates (Persons in April)","1985","60 - 64 years","Both sexes","Thousand","140.6"
"Population Estimates (Persons in April)","1985","60 - 64 years","Male","Thousand","67.7"
"Population Estimates (Persons in April)","1985","60 - 64 years","Female","Thousand","72.9"
"Population Estimates (Persons in April)","1985","65 - 69 years","Both sexes","Thousand","131"
"Population Estimates (Persons in April)","1985","65 - 69 years","Male","Thousand","62"
"Population Estimates (Persons in April)","1985","65 - 69 years","Female","Thousand","69"
"Population Estimates (Persons in April)","1985","65 years and over","Both sexes","Thousand","382.8"
"Population Estimates (Persons in April)","1985","65 years and over","Male","Thousand","168.6"
"Population Estimates (Persons in April)","1985","65 years and over","Female","Thousand","214.2"
"Population Estimates (Persons in April)","1985","70 - 74 years","Both sexes","Thousand","109.9"
"Population Estimates (Persons in April)","1985","70 - 74 years","Male","Thousand","50.6"
"Population Estimates (Persons in April)","1985","70 - 74 years","Female","Thousand","59.3"
"Population Estimates (Persons in April)","1985","75 - 79 years","Both sexes","Thousand","74.3"
"Population Estimates (Persons in April)","1985","75 - 79 years","Male","Thousand","32"
"Population Estimates (Persons in April)","1985","75 - 79 years","Female","Thousand","42.3"
"Population Estimates (Persons in April)","1985","80 - 84 years","Both sexes","Thousand","42.6"
"Population Estimates (Persons in April)","1985","80 - 84 years","Male","Thousand","16"
"Population Estimates (Persons in April)","1985","80 - 84 years","Female","Thousand","26.6"
"Population Estimates (Persons in April)","1985","85 years and over","Both sexes","Thousand","25"
"Population Estimates (Persons in April)","1985","85 years and over","Male","Thousand","8"
"Population Estimates (Persons in April)","1985","85 years and over","Female","Thousand","17"
"Population Estimates (Persons in April)","1985","All ages","Both sexes","Thousand","3540"
"Population Estimates (Persons in April)","1985","All ages","Male","Thousand","1771"
"Population Estimates (Persons in April)","1985","All ages","Female","Thousand","1769"
"Population Estimates (Persons in April)","1986","Under 1 year","Both sexes","Thousand","61.2"
"Population Estimates (Persons in April)","1986","Under 1 year","Male","Thousand","31.3"
"Population Estimates (Persons in April)","1986","Under 1 year","Female","Thousand","29.9"
"Population Estimates (Persons in April)","1986","0 - 4 years","Both sexes","Thousand","324.1"
"Population Estimates (Persons in April)","1986","0 - 4 years","Male","Thousand","166.4"
"Population Estimates (Persons in April)","1986","0 - 4 years","Female","Thousand","157.7"
"Population Estimates (Persons in April)","1986","0 - 14 years","Both sexes","Thousand","1024.7"
"Population Estimates (Persons in April)","1986","0 - 14 years","Male","Thousand","525.6"
"Population Estimates (Persons in April)","1986","0 - 14 years","Female","Thousand","499.1"
"Population Estimates (Persons in April)","1986","1 - 4 years","Both sexes","Thousand","262.9"
"Population Estimates (Persons in April)","1986","1 - 4 years","Male","Thousand","135.1"
"Population Estimates (Persons in April)","1986","1 - 4 years","Female","Thousand","127.8"
"Population Estimates (Persons in April)","1986","5 - 9 years","Both sexes","Thousand","350.7"
"Population Estimates (Persons in April)","1986","5 - 9 years","Male","Thousand","179.8"
"Population Estimates (Persons in April)","1986","5 - 9 years","Female","Thousand","170.8"
"Population Estimates (Persons in April)","1986","10 - 14 years","Both sexes","Thousand","350"
"Population Estimates (Persons in April)","1986","10 - 14 years","Male","Thousand","179.4"
"Population Estimates (Persons in April)","1986","10 - 14 years","Female","Thousand","170.6"
"Population Estimates (Persons in April)","1986","15 - 19 years","Both sexes","Thousand","331.1"
"Population Estimates (Persons in April)","1986","15 - 19 years","Male","Thousand","169.9"
"Population Estimates (Persons in April)","1986","15 - 19 years","Female","Thousand","161.2"
"Population Estimates (Persons in April)","1986","15 - 24 years","Both sexes","Thousand","617.5"
"Population Estimates (Persons in April)","1986","15 - 24 years","Male","Thousand","314"
"Population Estimates (Persons in April)","1986","15 - 24 years","Female","Thousand","303.5"
"Population Estimates (Persons in April)","1986","15 years and over","Both sexes","Thousand","2515.9"
"Population Estimates (Persons in April)","1986","15 years and over","Male","Thousand","1244"
"Population Estimates (Persons in April)","1986","15 years and over","Female","Thousand","1271.9"
"Population Estimates (Persons in April)","1986","20 - 24 years","Both sexes","Thousand","286.4"
"Population Estimates (Persons in April)","1986","20 - 24 years","Male","Thousand","144.1"
"Population Estimates (Persons in April)","1986","20 - 24 years","Female","Thousand","142.3"
"Population Estimates (Persons in April)","1986","25 - 29 years","Both sexes","Thousand","258.4"
"Population Estimates (Persons in April)","1986","25 - 29 years","Male","Thousand","129.1"
"Population Estimates (Persons in April)","1986","25 - 29 years","Female","Thousand","129.4"
"Population Estimates (Persons in April)","1986","25 - 44 years","Both sexes","Thousand","922.6"
"Population Estimates (Persons in April)","1986","25 - 44 years","Male","Thousand","465.7"
"Population Estimates (Persons in April)","1986","25 - 44 years","Female","Thousand","457"
"Population Estimates (Persons in April)","1986","30 - 34 years","Both sexes","Thousand","242.7"
"Population Estimates (Persons in April)","1986","30 - 34 years","Male","Thousand","122.2"
"Population Estimates (Persons in April)","1986","30 - 34 years","Female","Thousand","120.5"
"Population Estimates (Persons in April)","1986","35 - 39 years","Both sexes","Thousand","229.7"
"Population Estimates (Persons in April)","1986","35 - 39 years","Male","Thousand","116.4"
"Population Estimates (Persons in April)","1986","35 - 39 years","Female","Thousand","113.3"
"Population Estimates (Persons in April)","1986","40 - 44 years","Both sexes","Thousand","191.8"
"Population Estimates (Persons in April)","1986","40 - 44 years","Male","Thousand","98"
"Population Estimates (Persons in April)","1986","40 - 44 years","Female","Thousand","93.8"
"Population Estimates (Persons in April)","1986","45 - 49 years","Both sexes","Thousand","161.7"
"Population Estimates (Persons in April)","1986","45 - 49 years","Male","Thousand","82.8"
"Population Estimates (Persons in April)","1986","45 - 49 years","Female","Thousand","79"
"Population Estimates (Persons in April)","1986","45 - 64 years","Both sexes","Thousand","591.4"
"Population Estimates (Persons in April)","1986","45 - 64 years","Male","Thousand","295.7"
"Population Estimates (Persons in April)","1986","45 - 64 years","Female","Thousand","295.8"
"Population Estimates (Persons in April)","1986","50 - 54 years","Both sexes","Thousand","147.5"
"Population Estimates (Persons in April)","1986","50 - 54 years","Male","Thousand","75.2"
"Population Estimates (Persons in April)","1986","50 - 54 years","Female","Thousand","72.4"
"Population Estimates (Persons in April)","1986","55 - 59 years","Both sexes","Thousand","142.2"
"Population Estimates (Persons in April)","1986","55 - 59 years","Male","Thousand","70.5"
"Population Estimates (Persons in April)","1986","55 - 59 years","Female","Thousand","71.7"
"Population Estimates (Persons in April)","1986","60 - 64 years","Both sexes","Thousand","140"
"Population Estimates (Persons in April)","1986","60 - 64 years","Male","Thousand","67.2"
"Population Estimates (Persons in April)","1986","60 - 64 years","Female","Thousand","72.8"
"Population Estimates (Persons in April)","1986","65 - 69 years","Both sexes","Thousand","129.5"
"Population Estimates (Persons in April)","1986","65 - 69 years","Male","Thousand","61.1"
"Population Estimates (Persons in April)","1986","65 - 69 years","Female","Thousand","68.4"
"Population Estimates (Persons in April)","1986","65 years and over","Both sexes","Thousand","384.4"
"Population Estimates (Persons in April)","1986","65 years and over","Male","Thousand","168.7"
"Population Estimates (Persons in April)","1986","65 years and over","Female","Thousand","215.6"
"Population Estimates (Persons in April)","1986","70 - 74 years","Both sexes","Thousand","111"
"Population Estimates (Persons in April)","1986","70 - 74 years","Male","Thousand","50.9"
"Population Estimates (Persons in April)","1986","70 - 74 years","Female","Thousand","60.1"
"Population Estimates (Persons in April)","1986","75 - 79 years","Both sexes","Thousand","75.5"
"Population Estimates (Persons in April)","1986","75 - 79 years","Male","Thousand","32.6"
"Population Estimates (Persons in April)","1986","75 - 79 years","Female","Thousand","42.9"
"Population Estimates (Persons in April)","1986","80 - 84 years","Both sexes","Thousand","42.9"
"Population Estimates (Persons in April)","1986","80 - 84 years","Male","Thousand","16.1"
"Population Estimates (Persons in April)","1986","80 - 84 years","Female","Thousand","26.8"
"Population Estimates (Persons in April)","1986","85 years and over","Both sexes","Thousand","25.5"
"Population Estimates (Persons in April)","1986","85 years and over","Male","Thousand","8"
"Population Estimates (Persons in April)","1986","85 years and over","Female","Thousand","17.4"
"Population Estimates (Persons in April)","1986","All ages","Both sexes","Thousand","3540.6"
"Population Estimates (Persons in April)","1986","All ages","Male","Thousand","1769.7"
"Population Estimates (Persons in April)","1986","All ages","Female","Thousand","1771"
"Population Estimates (Persons in April)","1987","Under 1 year","Both sexes","Thousand","60.2"
"Population Estimates (Persons in April)","1987","Under 1 year","Male","Thousand","31.2"
"Population Estimates (Persons in April)","1987","Under 1 year","Female","Thousand","29"
"Population Estimates (Persons in April)","1987","0 - 4 years","Both sexes","Thousand",""
"Population Estimates (Persons in April)","1987","0 - 4 years","Male","Thousand",""
"Population Estimates (Persons in April)","1987","0 - 4 years","Female","Thousand",""
"Population Estimates (Persons in April)","1987","0 - 14 years","Both sexes","Thousand","1014.4"
"Population Estimates (Persons in April)","1987","0 - 14 years","Male","Thousand","520.5"
"Population Estimates (Persons in April)","1987","0 - 14 years","Female","Thousand","493.9"
"Population Estimates (Persons in April)","1987","1 - 4 years","Both sexes","Thousand","255.1"
"Population Estimates (Persons in April)","1987","1 - 4 years","Male","Thousand","130.8"
"Population Estimates (Persons in April)","1987","1 - 4 years","Female","Thousand","124.3"
"Population Estimates (Persons in April)","1987","5 - 9 years","Both sexes","Thousand","352"
"Population Estimates (Persons in April)","1987","5 - 9 years","Male","Thousand","180.4"
"Population Estimates (Persons in April)","1987","5 - 9 years","Female","Thousand","171.6"
"Population Estimates (Persons in April)","1987","10 - 14 years","Both sexes","Thousand","347.1"
"Population Estimates (Persons in April)","1987","10 - 14 years","Male","Thousand","178.1"
"Population Estimates (Persons in April)","1987","10 - 14 years","Female","Thousand","169"
"Population Estimates (Persons in April)","1987","15 - 19 years","Both sexes","Thousand","329.4"
"Population Estimates (Persons in April)","1987","15 - 19 years","Male","Thousand","168.1"
"Population Estimates (Persons in April)","1987","15 - 19 years","Female","Thousand","161.2"
"Population Estimates (Persons in April)","1987","15 - 24 years","Both sexes","Thousand","615.8"
"Population Estimates (Persons in April)","1987","15 - 24 years","Male","Thousand","313"
"Population Estimates (Persons in April)","1987","15 - 24 years","Female","Thousand","302.8"
"Population Estimates (Persons in April)","1987","15 years and over","Both sexes","Thousand","2532.1"
"Population Estimates (Persons in April)","1987","15 years and over","Male","Thousand","1249.6"
"Population Estimates (Persons in April)","1987","15 years and over","Female","Thousand","1282.3"
"Population Estimates (Persons in April)","1987","20 - 24 years","Both sexes","Thousand","286.4"
"Population Estimates (Persons in April)","1987","20 - 24 years","Male","Thousand","144.9"
"Population Estimates (Persons in April)","1987","20 - 24 years","Female","Thousand","141.6"
"Population Estimates (Persons in April)","1987","25 - 29 years","Both sexes","Thousand","256.1"
"Population Estimates (Persons in April)","1987","25 - 29 years","Male","Thousand","127.3"
"Population Estimates (Persons in April)","1987","25 - 29 years","Female","Thousand","128.8"
"Population Estimates (Persons in April)","1987","25 - 44 years","Both sexes","Thousand","936"
"Population Estimates (Persons in April)","1987","25 - 44 years","Male","Thousand","470.7"
"Population Estimates (Persons in April)","1987","25 - 44 years","Female","Thousand","465.2"
"Population Estimates (Persons in April)","1987","30 - 34 years","Both sexes","Thousand","245.4"
"Population Estimates (Persons in April)","1987","30 - 34 years","Male","Thousand","123"
"Population Estimates (Persons in April)","1987","30 - 34 years","Female","Thousand","122.4"
"Population Estimates (Persons in April)","1987","35 - 39 years","Both sexes","Thousand","231.7"
"Population Estimates (Persons in April)","1987","35 - 39 years","Male","Thousand","117.1"
"Population Estimates (Persons in April)","1987","35 - 39 years","Female","Thousand","114.5"
"Population Estimates (Persons in April)","1987","40 - 44 years","Both sexes","Thousand","202.8"
"Population Estimates (Persons in April)","1987","40 - 44 years","Male","Thousand","103.3"
"Population Estimates (Persons in April)","1987","40 - 44 years","Female","Thousand","99.5"
"Population Estimates (Persons in April)","1987","45 - 49 years","Both sexes","Thousand","161.9"
"Population Estimates (Persons in April)","1987","45 - 49 years","Male","Thousand","83.1"
"Population Estimates (Persons in April)","1987","45 - 49 years","Female","Thousand","78.8"
"Population Estimates (Persons in April)","1987","45 - 64 years","Both sexes","Thousand","592.1"
"Population Estimates (Persons in April)","1987","45 - 64 years","Male","Thousand","296.2"
"Population Estimates (Persons in April)","1987","45 - 64 years","Female","Thousand","295.8"
"Population Estimates (Persons in April)","1987","50 - 54 years","Both sexes","Thousand","150.8"
"Population Estimates (Persons in April)","1987","50 - 54 years","Male","Thousand","76.7"
"Population Estimates (Persons in April)","1987","50 - 54 years","Female","Thousand","74.1"
"Population Estimates (Persons in April)","1987","55 - 59 years","Both sexes","Thousand","140.1"
"Population Estimates (Persons in April)","1987","55 - 59 years","Male","Thousand","69.8"
"Population Estimates (Persons in April)","1987","55 - 59 years","Female","Thousand","70.3"
"Population Estimates (Persons in April)","1987","60 - 64 years","Both sexes","Thousand","139.3"
"Population Estimates (Persons in April)","1987","60 - 64 years","Male","Thousand","66.6"
"Population Estimates (Persons in April)","1987","60 - 64 years","Female","Thousand","72.6"
"Population Estimates (Persons in April)","1987","65 - 69 years","Both sexes","Thousand","129.1"
"Population Estimates (Persons in April)","1987","65 - 69 years","Male","Thousand","60.8"
"Population Estimates (Persons in April)","1987","65 - 69 years","Female","Thousand","68.3"
"Population Estimates (Persons in April)","1987","65 years and over","Both sexes","Thousand","388.2"
"Population Estimates (Persons in April)","1987","65 years and over","Male","Thousand","169.7"
"Population Estimates (Persons in April)","1987","65 years and over","Female","Thousand","218.5"
"Population Estimates (Persons in April)","1987","70 - 74 years","Both sexes","Thousand","111.1"
"Population Estimates (Persons in April)","1987","70 - 74 years","Male","Thousand","50.4"
"Population Estimates (Persons in April)","1987","70 - 74 years","Female","Thousand","60.7"
"Population Estimates (Persons in April)","1987","75 - 79 years","Both sexes","Thousand","78"
"Population Estimates (Persons in April)","1987","75 - 79 years","Male","Thousand","33.9"
"Population Estimates (Persons in April)","1987","75 - 79 years","Female","Thousand","44.1"
"Population Estimates (Persons in April)","1987","80 - 84 years","Both sexes","Thousand","43.7"
"Population Estimates (Persons in April)","1987","80 - 84 years","Male","Thousand","16.4"
"Population Estimates (Persons in April)","1987","80 - 84 years","Female","Thousand","27.3"
"Population Estimates (Persons in April)","1987","85 years and over","Both sexes","Thousand","26.3"
"Population Estimates (Persons in April)","1987","85 years and over","Male","Thousand","8.2"
"Population Estimates (Persons in April)","1987","85 years and over","Female","Thousand","18.1"
"Population Estimates (Persons in April)","1987","All ages","Both sexes","Thousand","3546.5"
"Population Estimates (Persons in April)","1987","All ages","Male","Thousand","1770.3"
"Population Estimates (Persons in April)","1987","All ages","Female","Thousand","1776.2"
"Population Estimates (Persons in April)","1988","Under 1 year","Both sexes","Thousand","57.3"
"Population Estimates (Persons in April)","1988","Under 1 year","Male","Thousand","29.2"
"Population Estimates (Persons in April)","1988","Under 1 year","Female","Thousand","28"
"Population Estimates (Persons in April)","1988","0 - 4 years","Both sexes","Thousand",""
"Population Estimates (Persons in April)","1988","0 - 4 years","Male","Thousand",""
"Population Estimates (Persons in April)","1988","0 - 4 years","Female","Thousand",""
"Population Estimates (Persons in April)","1988","0 - 14 years","Both sexes","Thousand","993.9"
"Population Estimates (Persons in April)","1988","0 - 14 years","Male","Thousand","509.7"
"Population Estimates (Persons in April)","1988","0 - 14 years","Female","Thousand","484.1"
"Population Estimates (Persons in April)","1988","1 - 4 years","Both sexes","Thousand","246.4"
"Population Estimates (Persons in April)","1988","1 - 4 years","Male","Thousand","126.7"
"Population Estimates (Persons in April)","1988","1 - 4 years","Female","Thousand","119.7"
"Population Estimates (Persons in April)","1988","5 - 9 years","Both sexes","Thousand","349.3"
"Population Estimates (Persons in April)","1988","5 - 9 years","Male","Thousand","178.9"
"Population Estimates (Persons in April)","1988","5 - 9 years","Female","Thousand","170.4"
"Population Estimates (Persons in April)","1988","10 - 14 years","Both sexes","Thousand","340.9"
"Population Estimates (Persons in April)","1988","10 - 14 years","Male","Thousand","174.9"
"Population Estimates (Persons in April)","1988","10 - 14 years","Female","Thousand","166"
"Population Estimates (Persons in April)","1988","15 - 19 years","Both sexes","Thousand","330"
"Population Estimates (Persons in April)","1988","15 - 19 years","Male","Thousand","167.5"
"Population Estimates (Persons in April)","1988","15 - 19 years","Female","Thousand","162.5"
"Population Estimates (Persons in April)","1988","15 - 24 years","Both sexes","Thousand","608.8"
"Population Estimates (Persons in April)","1988","15 - 24 years","Male","Thousand","308.9"
"Population Estimates (Persons in April)","1988","15 - 24 years","Female","Thousand","299.9"
"Population Estimates (Persons in April)","1988","15 years and over","Both sexes","Thousand","2536.9"
"Population Estimates (Persons in April)","1988","15 years and over","Male","Thousand","1249"
"Population Estimates (Persons in April)","1988","15 years and over","Female","Thousand","1287.8"
"Population Estimates (Persons in April)","1988","20 - 24 years","Both sexes","Thousand","278.8"
"Population Estimates (Persons in April)","1988","20 - 24 years","Male","Thousand","141.4"
"Population Estimates (Persons in April)","1988","20 - 24 years","Female","Thousand","137.4"
"Population Estimates (Persons in April)","1988","25 - 29 years","Both sexes","Thousand","251"
"Population Estimates (Persons in April)","1988","25 - 29 years","Male","Thousand","123.7"
"Population Estimates (Persons in April)","1988","25 - 29 years","Female","Thousand","127.2"
"Population Estimates (Persons in April)","1988","25 - 44 years","Both sexes","Thousand","939.3"
"Population Estimates (Persons in April)","1988","25 - 44 years","Male","Thousand","470.3"
"Population Estimates (Persons in April)","1988","25 - 44 years","Female","Thousand","468.8"
"Population Estimates (Persons in April)","1988","30 - 34 years","Both sexes","Thousand","243.6"
"Population Estimates (Persons in April)","1988","30 - 34 years","Male","Thousand","121.4"
"Population Estimates (Persons in April)","1988","30 - 34 years","Female","Thousand","122.2"
"Population Estimates (Persons in April)","1988","35 - 39 years","Both sexes","Thousand","235.5"
"Population Estimates (Persons in April)","1988","35 - 39 years","Male","Thousand","118.9"
"Population Estimates (Persons in April)","1988","35 - 39 years","Female","Thousand","116.6"
"Population Estimates (Persons in April)","1988","40 - 44 years","Both sexes","Thousand","209.2"
"Population Estimates (Persons in April)","1988","40 - 44 years","Male","Thousand","106.3"
"Population Estimates (Persons in April)","1988","40 - 44 years","Female","Thousand","102.8"
"Population Estimates (Persons in April)","1988","45 - 49 years","Both sexes","Thousand","168.2"
"Population Estimates (Persons in April)","1988","45 - 49 years","Male","Thousand","86"
"Population Estimates (Persons in April)","1988","45 - 49 years","Female","Thousand","82.2"
"Population Estimates (Persons in April)","1988","45 - 64 years","Both sexes","Thousand","595.6"
"Population Estimates (Persons in April)","1988","45 - 64 years","Male","Thousand","298.3"
"Population Estimates (Persons in April)","1988","45 - 64 years","Female","Thousand","297.3"
"Population Estimates (Persons in April)","1988","50 - 54 years","Both sexes","Thousand","149.3"
"Population Estimates (Persons in April)","1988","50 - 54 years","Male","Thousand","76.1"
"Population Estimates (Persons in April)","1988","50 - 54 years","Female","Thousand","73.3"
"Population Estimates (Persons in April)","1988","55 - 59 years","Both sexes","Thousand","141.9"
"Population Estimates (Persons in April)","1988","55 - 59 years","Male","Thousand","70.9"
"Population Estimates (Persons in April)","1988","55 - 59 years","Female","Thousand","70.9"
"Population Estimates (Persons in April)","1988","60 - 64 years","Both sexes","Thousand","136.2"
"Population Estimates (Persons in April)","1988","60 - 64 years","Male","Thousand","65.3"
"Population Estimates (Persons in April)","1988","60 - 64 years","Female","Thousand","70.9"
"Population Estimates (Persons in April)","1988","65 - 69 years","Both sexes","Thousand","132.9"
"Population Estimates (Persons in April)","1988","65 - 69 years","Male","Thousand","62.3"
"Population Estimates (Persons in April)","1988","65 - 69 years","Female","Thousand","70.6"
"Population Estimates (Persons in April)","1988","65 years and over","Both sexes","Thousand","393.2"
"Population Estimates (Persons in April)","1988","65 years and over","Male","Thousand","171.5"
"Population Estimates (Persons in April)","1988","65 years and over","Female","Thousand","221.8"
"Population Estimates (Persons in April)","1988","70 - 74 years","Both sexes","Thousand","107.7"
"Population Estimates (Persons in April)","1988","70 - 74 years","Male","Thousand","48.8"
"Population Estimates (Persons in April)","1988","70 - 74 years","Female","Thousand","58.9"
"Population Estimates (Persons in April)","1988","75 - 79 years","Both sexes","Thousand","81.6"
"Population Estimates (Persons in April)","1988","75 - 79 years","Male","Thousand","35.4"
"Population Estimates (Persons in April)","1988","75 - 79 years","Female","Thousand","46.2"
"Population Estimates (Persons in April)","1988","80 - 84 years","Both sexes","Thousand","43.9"
"Population Estimates (Persons in April)","1988","80 - 84 years","Male","Thousand","16.5"
"Population Estimates (Persons in April)","1988","80 - 84 years","Female","Thousand","27.4"
"Population Estimates (Persons in April)","1988","85 years and over","Both sexes","Thousand","27.1"
"Population Estimates (Persons in April)","1988","85 years and over","Male","Thousand","8.5"
"Population Estimates (Persons in April)","1988","85 years and over","Female","Thousand","18.7"
"Population Estimates (Persons in April)","1988","All ages","Both sexes","Thousand","3530.7"
"Population Estimates (Persons in April)","1988","All ages","Male","Thousand","1758.8"
"Population Estimates (Persons in April)","1988","All ages","Female","Thousand","1771.9"
"Population Estimates (Persons in April)","1989","Under 1 year","Both sexes","Thousand","53.4"
"Population Estimates (Persons in April)","1989","Under 1 year","Male","Thousand","27.3"
"Population Estimates (Persons in April)","1989","Under 1 year","Female","Thousand","26"
"Population Estimates (Persons in April)","1989","0 - 4 years","Both sexes","Thousand",""
"Population Estimates (Persons in April)","1989","0 - 4 years","Male","Thousand",""
"Population Estimates (Persons in April)","1989","0 - 4 years","Female","Thousand",""
"Population Estimates (Persons in April)","1989","0 - 14 years","Both sexes","Thousand","973.5"
"Population Estimates (Persons in April)","1989","0 - 14 years","Male","Thousand","499.4"
"Population Estimates (Persons in April)","1989","0 - 14 years","Female","Thousand","474"
"Population Estimates (Persons in April)","1989","1 - 4 years","Both sexes","Thousand","238.9"
"Population Estimates (Persons in April)","1989","1 - 4 years","Male","Thousand","122.5"
"Population Estimates (Persons in April)","1989","1 - 4 years","Female","Thousand","116.4"
"Population Estimates (Persons in April)","1989","5 - 9 years","Both sexes","Thousand","341.6"
"Population Estimates (Persons in April)","1989","5 - 9 years","Male","Thousand","175.6"
"Population Estimates (Persons in April)","1989","5 - 9 years","Female","Thousand","166"
"Population Estimates (Persons in April)","1989","10 - 14 years","Both sexes","Thousand","339.6"
"Population Estimates (Persons in April)","1989","10 - 14 years","Male","Thousand","174"
"Population Estimates (Persons in April)","1989","10 - 14 years","Female","Thousand","165.6"
"Population Estimates (Persons in April)","1989","15 - 19 years","Both sexes","Thousand","327.2"
"Population Estimates (Persons in April)","1989","15 - 19 years","Male","Thousand","165.4"
"Population Estimates (Persons in April)","1989","15 - 19 years","Female","Thousand","161.8"
"Population Estimates (Persons in April)","1989","15 - 24 years","Both sexes","Thousand","597.6"
"Population Estimates (Persons in April)","1989","15 - 24 years","Male","Thousand","303.2"
"Population Estimates (Persons in April)","1989","15 - 24 years","Female","Thousand","294.4"
"Population Estimates (Persons in April)","1989","15 years and over","Both sexes","Thousand","2536"
"Population Estimates (Persons in April)","1989","15 years and over","Male","Thousand","1244.6"
"Population Estimates (Persons in April)","1989","15 years and over","Female","Thousand","1291.5"
"Population Estimates (Persons in April)","1989","20 - 24 years","Both sexes","Thousand","270.4"
"Population Estimates (Persons in April)","1989","20 - 24 years","Male","Thousand","137.8"
"Population Estimates (Persons in April)","1989","20 - 24 years","Female","Thousand","132.6"
"Population Estimates (Persons in April)","1989","25 - 29 years","Both sexes","Thousand","246.5"
"Population Estimates (Persons in April)","1989","25 - 29 years","Male","Thousand","120.5"
"Population Estimates (Persons in April)","1989","25 - 29 years","Female","Thousand","126"
"Population Estimates (Persons in April)","1989","25 - 44 years","Both sexes","Thousand","941.2"
"Population Estimates (Persons in April)","1989","25 - 44 years","Male","Thousand","468.5"
"Population Estimates (Persons in April)","1989","25 - 44 years","Female","Thousand","472.6"
"Population Estimates (Persons in April)","1989","30 - 34 years","Both sexes","Thousand","242.1"
"Population Estimates (Persons in April)","1989","30 - 34 years","Male","Thousand","119.3"
"Population Estimates (Persons in April)","1989","30 - 34 years","Female","Thousand","122.8"
"Population Estimates (Persons in April)","1989","35 - 39 years","Both sexes","Thousand","236.3"
"Population Estimates (Persons in April)","1989","35 - 39 years","Male","Thousand","119.2"
"Population Estimates (Persons in April)","1989","35 - 39 years","Female","Thousand","117"
"Population Estimates (Persons in April)","1989","40 - 44 years","Both sexes","Thousand","216.3"
"Population Estimates (Persons in April)","1989","40 - 44 years","Male","Thousand","109.5"
"Population Estimates (Persons in April)","1989","40 - 44 years","Female","Thousand","106.8"
"Population Estimates (Persons in April)","1989","45 - 49 years","Both sexes","Thousand","172.1"
"Population Estimates (Persons in April)","1989","45 - 49 years","Male","Thousand","87.7"
"Population Estimates (Persons in April)","1989","45 - 49 years","Female","Thousand","84.4"
"Population Estimates (Persons in April)","1989","45 - 64 years","Both sexes","Thousand","599.8"
"Population Estimates (Persons in April)","1989","45 - 64 years","Male","Thousand","300.2"
"Population Estimates (Persons in April)","1989","45 - 64 years","Female","Thousand","299.6"
"Population Estimates (Persons in April)","1989","50 - 54 years","Both sexes","Thousand","151"
"Population Estimates (Persons in April)","1989","50 - 54 years","Male","Thousand","76.6"
"Population Estimates (Persons in April)","1989","50 - 54 years","Female","Thousand","74.4"
"Population Estimates (Persons in April)","1989","55 - 59 years","Both sexes","Thousand","141.3"
"Population Estimates (Persons in April)","1989","55 - 59 years","Male","Thousand","70.9"
"Population Estimates (Persons in April)","1989","55 - 59 years","Female","Thousand","70.4"
"Population Estimates (Persons in April)","1989","60 - 64 years","Both sexes","Thousand","135.4"
"Population Estimates (Persons in April)","1989","60 - 64 years","Male","Thousand","65"
"Population Estimates (Persons in April)","1989","60 - 64 years","Female","Thousand","70.4"
"Population Estimates (Persons in April)","1989","65 - 69 years","Both sexes","Thousand","133.3"
"Population Estimates (Persons in April)","1989","65 - 69 years","Male","Thousand","62.4"
"Population Estimates (Persons in April)","1989","65 - 69 years","Female","Thousand","71"
"Population Estimates (Persons in April)","1989","65 years and over","Both sexes","Thousand","397.4"
"Population Estimates (Persons in April)","1989","65 years and over","Male","Thousand","172.7"
"Population Estimates (Persons in April)","1989","65 years and over","Female","Thousand","224.9"
"Population Estimates (Persons in April)","1989","70 - 74 years","Both sexes","Thousand","107.5"
"Population Estimates (Persons in April)","1989","70 - 74 years","Male","Thousand","48.7"
"Population Estimates (Persons in April)","1989","70 - 74 years","Female","Thousand","58.8"
"Population Estimates (Persons in April)","1989","75 - 79 years","Both sexes","Thousand","83.3"
"Population Estimates (Persons in April)","1989","75 - 79 years","Male","Thousand","35.8"
"Population Estimates (Persons in April)","1989","75 - 79 years","Female","Thousand","47.5"
"Population Estimates (Persons in April)","1989","80 - 84 years","Both sexes","Thousand","45.3"
"Population Estimates (Persons in April)","1989","80 - 84 years","Male","Thousand","17.2"
"Population Estimates (Persons in April)","1989","80 - 84 years","Female","Thousand","28.2"
"Population Estimates (Persons in April)","1989","85 years and over","Both sexes","Thousand","28"
"Population Estimates (Persons in April)","1989","85 years and over","Male","Thousand","8.6"
"Population Estimates (Persons in April)","1989","85 years and over","Female","Thousand","19.4"
"Population Estimates (Persons in April)","1989","All ages","Both sexes","Thousand","3509.5"
"Population Estimates (Persons in April)","1989","All ages","Male","Thousand","1744.1"
"Population Estimates (Persons in April)","1989","All ages","Female","Thousand","1765.5"
"Population Estimates (Persons in April)","1990","Under 1 year","Both sexes","Thousand","51.7"
"Population Estimates (Persons in April)","1990","Under 1 year","Male","Thousand","26.6"
"Population Estimates (Persons in April)","1990","Under 1 year","Female","Thousand","25.1"
"Population Estimates (Persons in April)","1990","0 - 4 years","Both sexes","Thousand",""
"Population Estimates (Persons in April)","1990","0 - 4 years","Male","Thousand",""
"Population Estimates (Persons in April)","1990","0 - 4 years","Female","Thousand",""
"Population Estimates (Persons in April)","1990","0 - 14 years","Both sexes","Thousand","954.6"
"Population Estimates (Persons in April)","1990","0 - 14 years","Male","Thousand","489.7"
"Population Estimates (Persons in April)","1990","0 - 14 years","Female","Thousand","464.8"
"Population Estimates (Persons in April)","1990","1 - 4 years","Both sexes","Thousand","230.5"
"Population Estimates (Persons in April)","1990","1 - 4 years","Male","Thousand","117.7"
"Population Estimates (Persons in April)","1990","1 - 4 years","Female","Thousand","112.8"
"Population Estimates (Persons in April)","1990","5 - 9 years","Both sexes","Thousand","328.7"
"Population Estimates (Persons in April)","1990","5 - 9 years","Male","Thousand","169"
"Population Estimates (Persons in April)","1990","5 - 9 years","Female","Thousand","159.7"
"Population Estimates (Persons in April)","1990","10 - 14 years","Both sexes","Thousand","343.7"
"Population Estimates (Persons in April)","1990","10 - 14 years","Male","Thousand","176.4"
"Population Estimates (Persons in April)","1990","10 - 14 years","Female","Thousand","167.2"
"Population Estimates (Persons in April)","1990","15 - 19 years","Both sexes","Thousand","328.3"
"Population Estimates (Persons in April)","1990","15 - 19 years","Male","Thousand","167.3"
"Population Estimates (Persons in April)","1990","15 - 19 years","Female","Thousand","161"
"Population Estimates (Persons in April)","1990","15 - 24 years","Both sexes","Thousand","594.1"
"Population Estimates (Persons in April)","1990","15 - 24 years","Male","Thousand","303.1"
"Population Estimates (Persons in April)","1990","15 - 24 years","Female","Thousand","291"
"Population Estimates (Persons in April)","1990","15 years and over","Both sexes","Thousand","2551.3"
"Population Estimates (Persons in April)","1990","15 years and over","Male","Thousand","1253"
"Population Estimates (Persons in April)","1990","15 years and over","Female","Thousand","1298.2"
"Population Estimates (Persons in April)","1990","20 - 24 years","Both sexes","Thousand","265.8"
"Population Estimates (Persons in April)","1990","20 - 24 years","Male","Thousand","135.8"
"Population Estimates (Persons in April)","1990","20 - 24 years","Female","Thousand","130"
"Population Estimates (Persons in April)","1990","25 - 29 years","Both sexes","Thousand","246.1"
"Population Estimates (Persons in April)","1990","25 - 29 years","Male","Thousand","120.4"
"Population Estimates (Persons in April)","1990","25 - 29 years","Female","Thousand","125.7"
"Population Estimates (Persons in April)","1990","25 - 44 years","Both sexes","Thousand","949.1"
"Population Estimates (Persons in April)","1990","25 - 44 years","Male","Thousand","471.8"
"Population Estimates (Persons in April)","1990","25 - 44 years","Female","Thousand","477.3"
"Population Estimates (Persons in April)","1990","30 - 34 years","Both sexes","Thousand","243.2"
"Population Estimates (Persons in April)","1990","30 - 34 years","Male","Thousand","119.7"
"Population Estimates (Persons in April)","1990","30 - 34 years","Female","Thousand","123.5"
"Population Estimates (Persons in April)","1990","35 - 39 years","Both sexes","Thousand","237.9"
"Population Estimates (Persons in April)","1990","35 - 39 years","Male","Thousand","119.7"
"Population Estimates (Persons in April)","1990","35 - 39 years","Female","Thousand","118.2"
"Population Estimates (Persons in April)","1990","40 - 44 years","Both sexes","Thousand","221.9"
"Population Estimates (Persons in April)","1990","40 - 44 years","Male","Thousand","112"
"Population Estimates (Persons in April)","1990","40 - 44 years","Female","Thousand","109.9"
"Population Estimates (Persons in April)","1990","45 - 49 years","Both sexes","Thousand","177.8"
"Population Estimates (Persons in April)","1990","45 - 49 years","Male","Thousand","90.6"
"Population Estimates (Persons in April)","1990","45 - 49 years","Female","Thousand","87.1"
"Population Estimates (Persons in April)","1990","45 - 64 years","Both sexes","Thousand","608.1"
"Population Estimates (Persons in April)","1990","45 - 64 years","Male","Thousand","304.8"
"Population Estimates (Persons in April)","1990","45 - 64 years","Female","Thousand","303.2"
"Population Estimates (Persons in April)","1990","50 - 54 years","Both sexes","Thousand","154.4"
"Population Estimates (Persons in April)","1990","50 - 54 years","Male","Thousand","78.2"
"Population Estimates (Persons in April)","1990","50 - 54 years","Female","Thousand","76.2"
"Population Estimates (Persons in April)","1990","55 - 59 years","Both sexes","Thousand","141.5"
"Population Estimates (Persons in April)","1990","55 - 59 years","Male","Thousand","71.1"
"Population Estimates (Persons in April)","1990","55 - 59 years","Female","Thousand","70.4"
"Population Estimates (Persons in April)","1990","60 - 64 years","Both sexes","Thousand","134.4"
"Population Estimates (Persons in April)","1990","60 - 64 years","Male","Thousand","64.9"
"Population Estimates (Persons in April)","1990","60 - 64 years","Female","Thousand","69.5"
"Population Estimates (Persons in April)","1990","65 - 69 years","Both sexes","Thousand","132.3"
"Population Estimates (Persons in April)","1990","65 - 69 years","Male","Thousand","61.9"
"Population Estimates (Persons in April)","1990","65 - 69 years","Female","Thousand","70.4"
"Population Estimates (Persons in April)","1990","65 years and over","Both sexes","Thousand","400"
"Population Estimates (Persons in April)","1990","65 years and over","Male","Thousand","173.3"
"Population Estimates (Persons in April)","1990","65 years and over","Female","Thousand","226.7"
"Population Estimates (Persons in April)","1990","70 - 74 years","Both sexes","Thousand","107.8"
"Population Estimates (Persons in April)","1990","70 - 74 years","Male","Thousand","48.9"
"Population Estimates (Persons in April)","1990","70 - 74 years","Female","Thousand","59"
"Population Estimates (Persons in April)","1990","75 - 79 years","Both sexes","Thousand","84.5"
"Population Estimates (Persons in April)","1990","75 - 79 years","Male","Thousand","35.9"
"Population Estimates (Persons in April)","1990","75 - 79 years","Female","Thousand","48.5"
"Population Estimates (Persons in April)","1990","80 - 84 years","Both sexes","Thousand","47.1"
"Population Estimates (Persons in April)","1990","80 - 84 years","Male","Thousand","18"
"Population Estimates (Persons in April)","1990","80 - 84 years","Female","Thousand","29.1"
"Population Estimates (Persons in April)","1990","85 years and over","Both sexes","Thousand","28.3"
"Population Estimates (Persons in April)","1990","85 years and over","Male","Thousand","8.6"
"Population Estimates (Persons in April)","1990","85 years and over","Female","Thousand","19.7"
"Population Estimates (Persons in April)","1990","All ages","Both sexes","Thousand","3505.8"
"Population Estimates (Persons in April)","1990","All ages","Male","Thousand","1742.8"
"Population Estimates (Persons in April)","1990","All ages","Female","Thousand","1763.1"
"Population Estimates (Persons in April)","1991","Under 1 year","Both sexes","Thousand","53"
"Population Estimates (Persons in April)","1991","Under 1 year","Male","Thousand","27.4"
"Population Estimates (Persons in April)","1991","Under 1 year","Female","Thousand","25.7"
"Population Estimates (Persons in April)","1991","0 - 4 years","Both sexes","Thousand","273.7"
"Population Estimates (Persons in April)","1991","0 - 4 years","Male","Thousand","140.6"
"Population Estimates (Persons in April)","1991","0 - 4 years","Female","Thousand","133.8"
"Population Estimates (Persons in April)","1991","0 - 14 years","Both sexes","Thousand","940.6"
"Population Estimates (Persons in April)","1991","0 - 14 years","Male","Thousand","482.8"
"Population Estimates (Persons in April)","1991","0 - 14 years","Female","Thousand","457.7"
"Population Estimates (Persons in April)","1991","1 - 4 years","Both sexes","Thousand","220.7"
"Population Estimates (Persons in April)","1991","1 - 4 years","Male","Thousand","113.2"
"Population Estimates (Persons in April)","1991","1 - 4 years","Female","Thousand","107.5"
"Population Estimates (Persons in April)","1991","5 - 9 years","Both sexes","Thousand","318.5"
"Population Estimates (Persons in April)","1991","5 - 9 years","Male","Thousand","163.3"
"Population Estimates (Persons in April)","1991","5 - 9 years","Female","Thousand","155.2"
"Population Estimates (Persons in April)","1991","10 - 14 years","Both sexes","Thousand","348.3"
"Population Estimates (Persons in April)","1991","10 - 14 years","Male","Thousand","178.9"
"Population Estimates (Persons in April)","1991","10 - 14 years","Female","Thousand","169.4"
"Population Estimates (Persons in April)","1991","15 - 19 years","Both sexes","Thousand","335"
"Population Estimates (Persons in April)","1991","15 - 19 years","Male","Thousand","171.4"
"Population Estimates (Persons in April)","1991","15 - 19 years","Female","Thousand","163.6"
"Population Estimates (Persons in April)","1991","15 - 24 years","Both sexes","Thousand","601.6"
"Population Estimates (Persons in April)","1991","15 - 24 years","Male","Thousand","307.9"
"Population Estimates (Persons in April)","1991","15 - 24 years","Female","Thousand","293.7"
"Population Estimates (Persons in April)","1991","15 years and over","Both sexes","Thousand","2585.1"
"Population Estimates (Persons in April)","1991","15 years and over","Male","Thousand","1270.6"
"Population Estimates (Persons in April)","1991","15 years and over","Female","Thousand","1314.6"
"Population Estimates (Persons in April)","1991","20 - 24 years","Both sexes","Thousand","266.6"
"Population Estimates (Persons in April)","1991","20 - 24 years","Male","Thousand","136.5"
"Population Estimates (Persons in April)","1991","20 - 24 years","Female","Thousand","130.1"
"Population Estimates (Persons in April)","1991","25 - 29 years","Both sexes","Thousand","246.3"
"Population Estimates (Persons in April)","1991","25 - 29 years","Male","Thousand","120.7"
"Population Estimates (Persons in April)","1991","25 - 29 years","Female","Thousand","125.7"
"Population Estimates (Persons in April)","1991","25 - 44 years","Both sexes","Thousand","959"
"Population Estimates (Persons in April)","1991","25 - 44 years","Male","Thousand","476.4"
"Population Estimates (Persons in April)","1991","25 - 44 years","Female","Thousand","482.6"
"Population Estimates (Persons in April)","1991","30 - 34 years","Both sexes","Thousand","249.1"
"Population Estimates (Persons in April)","1991","30 - 34 years","Male","Thousand","123.2"
"Population Estimates (Persons in April)","1991","30 - 34 years","Female","Thousand","125.9"
"Population Estimates (Persons in April)","1991","35 - 39 years","Both sexes","Thousand","237.9"
"Population Estimates (Persons in April)","1991","35 - 39 years","Male","Thousand","118.7"
"Population Estimates (Persons in April)","1991","35 - 39 years","Female","Thousand","119.2"
"Population Estimates (Persons in April)","1991","40 - 44 years","Both sexes","Thousand","225.7"
"Population Estimates (Persons in April)","1991","40 - 44 years","Male","Thousand","113.9"
"Population Estimates (Persons in April)","1991","40 - 44 years","Female","Thousand","111.8"
"Population Estimates (Persons in April)","1991","45 - 49 years","Both sexes","Thousand","187.8"
"Population Estimates (Persons in April)","1991","45 - 49 years","Male","Thousand","95.4"
"Population Estimates (Persons in April)","1991","45 - 49 years","Female","Thousand","92.3"
"Population Estimates (Persons in April)","1991","45 - 64 years","Both sexes","Thousand","621.7"
"Population Estimates (Persons in April)","1991","45 - 64 years","Male","Thousand","312.6"
"Population Estimates (Persons in April)","1991","45 - 64 years","Female","Thousand","309.1"
"Population Estimates (Persons in April)","1991","50 - 54 years","Both sexes","Thousand","156.8"
"Population Estimates (Persons in April)","1991","50 - 54 years","Male","Thousand","79.9"
"Population Estimates (Persons in April)","1991","50 - 54 years","Female","Thousand","76.9"
"Population Estimates (Persons in April)","1991","55 - 59 years","Both sexes","Thousand","142.5"
"Population Estimates (Persons in April)","1991","55 - 59 years","Male","Thousand","71.7"
"Population Estimates (Persons in April)","1991","55 - 59 years","Female","Thousand","70.9"
"Population Estimates (Persons in April)","1991","60 - 64 years","Both sexes","Thousand","134.6"
"Population Estimates (Persons in April)","1991","60 - 64 years","Male","Thousand","65.6"
"Population Estimates (Persons in April)","1991","60 - 64 years","Female","Thousand","69"
"Population Estimates (Persons in April)","1991","65 - 69 years","Both sexes","Thousand","130.8"
"Population Estimates (Persons in April)","1991","65 - 69 years","Male","Thousand","61"
"Population Estimates (Persons in April)","1991","65 - 69 years","Female","Thousand","69.8"
"Population Estimates (Persons in April)","1991","65 years and over","Both sexes","Thousand","402.9"
"Population Estimates (Persons in April)","1991","65 years and over","Male","Thousand","173.7"
"Population Estimates (Persons in April)","1991","65 years and over","Female","Thousand","229.2"
"Population Estimates (Persons in April)","1991","70 - 74 years","Both sexes","Thousand","109.3"
"Population Estimates (Persons in April)","1991","70 - 74 years","Male","Thousand","49.2"
"Population Estimates (Persons in April)","1991","70 - 74 years","Female","Thousand","60.1"
"Population Estimates (Persons in April)","1991","75 - 79 years","Both sexes","Thousand","84.1"
"Population Estimates (Persons in April)","1991","75 - 79 years","Male","Thousand","35.7"
"Population Estimates (Persons in April)","1991","75 - 79 years","Female","Thousand","48.4"
"Population Estimates (Persons in April)","1991","80 - 84 years","Both sexes","Thousand","49.3"
"Population Estimates (Persons in April)","1991","80 - 84 years","Male","Thousand","19"
"Population Estimates (Persons in April)","1991","80 - 84 years","Female","Thousand","30.3"
"Population Estimates (Persons in April)","1991","85 years and over","Both sexes","Thousand","29.4"
"Population Estimates (Persons in April)","1991","85 years and over","Male","Thousand","8.9"
"Population Estimates (Persons in April)","1991","85 years and over","Female","Thousand","20.5"
"Population Estimates (Persons in April)","1991","All ages","Both sexes","Thousand","3525.7"
"Population Estimates (Persons in April)","1991","All ages","Male","Thousand","1753.4"
"Population Estimates (Persons in April)","1991","All ages","Female","Thousand","1772.3"
"Population Estimates (Persons in April)","1992","Under 1 year","Both sexes","Thousand","52.4"
"Population Estimates (Persons in April)","1992","Under 1 year","Male","Thousand","26.9"
"Population Estimates (Persons in April)","1992","Under 1 year","Female","Thousand","25.5"
"Population Estimates (Persons in April)","1992","0 - 4 years","Both sexes","Thousand",""
"Population Estimates (Persons in April)","1992","0 - 4 years","Male","Thousand",""
"Population Estimates (Persons in April)","1992","0 - 4 years","Female","Thousand",""
"Population Estimates (Persons in April)","1992","0 - 14 years","Both sexes","Thousand","930.9"
"Population Estimates (Persons in April)","1992","0 - 14 years","Male","Thousand","478.1"
"Population Estimates (Persons in April)","1992","0 - 14 years","Female","Thousand","452.8"
"Population Estimates (Persons in April)","1992","1 - 4 years","Both sexes","Thousand","217.1"
"Population Estimates (Persons in April)","1992","1 - 4 years","Male","Thousand","111.3"
"Population Estimates (Persons in April)","1992","1 - 4 years","Female","Thousand","105.8"
"Population Estimates (Persons in April)","1992","5 - 9 years","Both sexes","Thousand","310.7"
"Population Estimates (Persons in April)","1992","5 - 9 years","Male","Thousand","159.6"
"Population Estimates (Persons in April)","1992","5 - 9 years","Female","Thousand","151.1"
"Population Estimates (Persons in April)","1992","10 - 14 years","Both sexes","Thousand","350.7"
"Population Estimates (Persons in April)","1992","10 - 14 years","Male","Thousand","180.3"
"Population Estimates (Persons in April)","1992","10 - 14 years","Female","Thousand","170.4"
"Population Estimates (Persons in April)","1992","15 - 19 years","Both sexes","Thousand","333.3"
"Population Estimates (Persons in April)","1992","15 - 19 years","Male","Thousand","170.7"
"Population Estimates (Persons in April)","1992","15 - 19 years","Female","Thousand","162.5"
"Population Estimates (Persons in April)","1992","15 - 24 years","Both sexes","Thousand","610.2"
"Population Estimates (Persons in April)","1992","15 - 24 years","Male","Thousand","313"
"Population Estimates (Persons in April)","1992","15 - 24 years","Female","Thousand","297.2"
"Population Estimates (Persons in April)","1992","15 years and over","Both sexes","Thousand","2623.7"
"Population Estimates (Persons in April)","1992","15 years and over","Male","Thousand","1290.5"
"Population Estimates (Persons in April)","1992","15 years and over","Female","Thousand","1333.4"
"Population Estimates (Persons in April)","1992","20 - 24 years","Both sexes","Thousand","276.9"
"Population Estimates (Persons in April)","1992","20 - 24 years","Male","Thousand","142.3"
"Population Estimates (Persons in April)","1992","20 - 24 years","Female","Thousand","134.7"
"Population Estimates (Persons in April)","1992","25 - 29 years","Both sexes","Thousand","247.1"
"Population Estimates (Persons in April)","1992","25 - 29 years","Male","Thousand","121.1"
"Population Estimates (Persons in April)","1992","25 - 29 years","Female","Thousand","126"
"Population Estimates (Persons in April)","1992","25 - 44 years","Both sexes","Thousand","970.7"
"Population Estimates (Persons in April)","1992","25 - 44 years","Male","Thousand","481.6"
"Population Estimates (Persons in April)","1992","25 - 44 years","Female","Thousand","489.1"
"Population Estimates (Persons in April)","1992","30 - 34 years","Both sexes","Thousand","253.5"
"Population Estimates (Persons in April)","1992","30 - 34 years","Male","Thousand","125.6"
"Population Estimates (Persons in April)","1992","30 - 34 years","Female","Thousand","127.9"
"Population Estimates (Persons in April)","1992","35 - 39 years","Both sexes","Thousand","241.5"
"Population Estimates (Persons in April)","1992","35 - 39 years","Male","Thousand","120"
"Population Estimates (Persons in April)","1992","35 - 39 years","Female","Thousand","121.6"
"Population Estimates (Persons in April)","1992","40 - 44 years","Both sexes","Thousand","228.6"
"Population Estimates (Persons in April)","1992","40 - 44 years","Male","Thousand","114.9"
"Population Estimates (Persons in April)","1992","40 - 44 years","Female","Thousand","113.6"
"Population Estimates (Persons in April)","1992","45 - 49 years","Both sexes","Thousand","199"
"Population Estimates (Persons in April)","1992","45 - 49 years","Male","Thousand","101.3"
"Population Estimates (Persons in April)","1992","45 - 49 years","Female","Thousand","97.7"
"Population Estimates (Persons in April)","1992","45 - 64 years","Both sexes","Thousand","637"
"Population Estimates (Persons in April)","1992","45 - 64 years","Male","Thousand","321.3"
"Population Estimates (Persons in April)","1992","45 - 64 years","Female","Thousand","315.8"
"Population Estimates (Persons in April)","1992","50 - 54 years","Both sexes","Thousand","158.6"
"Population Estimates (Persons in April)","1992","50 - 54 years","Male","Thousand","81"
"Population Estimates (Persons in April)","1992","50 - 54 years","Female","Thousand","77.6"
"Population Estimates (Persons in April)","1992","55 - 59 years","Both sexes","Thousand","144.8"
"Population Estimates (Persons in April)","1992","55 - 59 years","Male","Thousand","72.8"
"Population Estimates (Persons in April)","1992","55 - 59 years","Female","Thousand","72.1"
"Population Estimates (Persons in April)","1992","60 - 64 years","Both sexes","Thousand","134.6"
"Population Estimates (Persons in April)","1992","60 - 64 years","Male","Thousand","66.2"
"Population Estimates (Persons in April)","1992","60 - 64 years","Female","Thousand","68.4"
"Population Estimates (Persons in April)","1992","65 - 69 years","Both sexes","Thousand","130.2"
"Population Estimates (Persons in April)","1992","65 - 69 years","Male","Thousand","60.6"
"Population Estimates (Persons in April)","1992","65 - 69 years","Female","Thousand","69.7"
"Population Estimates (Persons in April)","1992","65 years and over","Both sexes","Thousand","405.8"
"Population Estimates (Persons in April)","1992","65 years and over","Male","Thousand","174.6"
"Population Estimates (Persons in April)","1992","65 years and over","Female","Thousand","231.3"
"Population Estimates (Persons in April)","1992","70 - 74 years","Both sexes","Thousand","110.3"
"Population Estimates (Persons in April)","1992","70 - 74 years","Male","Thousand","49.6"
"Population Estimates (Persons in April)","1992","70 - 74 years","Female","Thousand","60.7"
"Population Estimates (Persons in April)","1992","75 - 79 years","Both sexes","Thousand","83.6"
"Population Estimates (Persons in April)","1992","75 - 79 years","Male","Thousand","35.3"
"Population Estimates (Persons in April)","1992","75 - 79 years","Female","Thousand","48.3"
"Population Estimates (Persons in April)","1992","80 - 84 years","Both sexes","Thousand","51.6"
"Population Estimates (Persons in April)","1992","80 - 84 years","Male","Thousand","20.1"
"Population Estimates (Persons in April)","1992","80 - 84 years","Female","Thousand","31.5"
"Population Estimates (Persons in April)","1992","85 years and over","Both sexes","Thousand","30.1"
"Population Estimates (Persons in April)","1992","85 years and over","Male","Thousand","9"
"Population Estimates (Persons in April)","1992","85 years and over","Female","Thousand","21.1"
"Population Estimates (Persons in April)","1992","All ages","Both sexes","Thousand","3554.5"
"Population Estimates (Persons in April)","1992","All ages","Male","Thousand","1768.4"
"Population Estimates (Persons in April)","1992","All ages","Female","Thousand","1786.1"
"Population Estimates (Persons in April)","1993","Under 1 year","Both sexes","Thousand","50.2"
"Population Estimates (Persons in April)","1993","Under 1 year","Male","Thousand","25.9"
"Population Estimates (Persons in April)","1993","Under 1 year","Female","Thousand","24.3"
"Population Estimates (Persons in April)","1993","0 - 4 years","Both sexes","Thousand",""
"Population Estimates (Persons in April)","1993","0 - 4 years","Male","Thousand",""
"Population Estimates (Persons in April)","1993","0 - 4 years","Female","Thousand",""
"Population Estimates (Persons in April)","1993","0 - 14 years","Both sexes","Thousand","917"
"Population Estimates (Persons in April)","1993","0 - 14 years","Male","Thousand","470.9"
"Population Estimates (Persons in April)","1993","0 - 14 years","Female","Thousand","446"
"Population Estimates (Persons in April)","1993","1 - 4 years","Both sexes","Thousand","214.3"
"Population Estimates (Persons in April)","1993","1 - 4 years","Male","Thousand","110"
"Population Estimates (Persons in April)","1993","1 - 4 years","Female","Thousand","104.3"
"Population Estimates (Persons in April)","1993","5 - 9 years","Both sexes","Thousand","302.6"
"Population Estimates (Persons in April)","1993","5 - 9 years","Male","Thousand","155.2"
"Population Estimates (Persons in April)","1993","5 - 9 years","Female","Thousand","147.3"
"Population Estimates (Persons in April)","1993","10 - 14 years","Both sexes","Thousand","349.9"
"Population Estimates (Persons in April)","1993","10 - 14 years","Male","Thousand","179.8"
"Population Estimates (Persons in April)","1993","10 - 14 years","Female","Thousand","170.1"
"Population Estimates (Persons in April)","1993","15 - 19 years","Both sexes","Thousand","330.5"
"Population Estimates (Persons in April)","1993","15 - 19 years","Male","Thousand","169.4"
"Population Estimates (Persons in April)","1993","15 - 19 years","Female","Thousand","161"
"Population Estimates (Persons in April)","1993","15 - 24 years","Both sexes","Thousand","615.9"
"Population Estimates (Persons in April)","1993","15 - 24 years","Male","Thousand","316.2"
"Population Estimates (Persons in April)","1993","15 - 24 years","Female","Thousand","299.6"
"Population Estimates (Persons in April)","1993","15 years and over","Both sexes","Thousand","2657.2"
"Population Estimates (Persons in April)","1993","15 years and over","Male","Thousand","1307.1"
"Population Estimates (Persons in April)","1993","15 years and over","Female","Thousand","1350"
"Population Estimates (Persons in April)","1993","20 - 24 years","Both sexes","Thousand","285.4"
"Population Estimates (Persons in April)","1993","20 - 24 years","Male","Thousand","146.8"
"Population Estimates (Persons in April)","1993","20 - 24 years","Female","Thousand","138.6"
"Population Estimates (Persons in April)","1993","25 - 29 years","Both sexes","Thousand","246.5"
"Population Estimates (Persons in April)","1993","25 - 29 years","Male","Thousand","121.5"
"Population Estimates (Persons in April)","1993","25 - 29 years","Female","Thousand","125"
"Population Estimates (Persons in April)","1993","25 - 44 years","Both sexes","Thousand","979"
"Population Estimates (Persons in April)","1993","25 - 44 years","Male","Thousand","485.4"
"Population Estimates (Persons in April)","1993","25 - 44 years","Female","Thousand","493.6"
"Population Estimates (Persons in April)","1993","30 - 34 years","Both sexes","Thousand","256.1"
"Population Estimates (Persons in April)","1993","30 - 34 years","Male","Thousand","126.1"
"Population Estimates (Persons in April)","1993","30 - 34 years","Female","Thousand","130"
"Population Estimates (Persons in April)","1993","35 - 39 years","Both sexes","Thousand","244.1"
"Population Estimates (Persons in April)","1993","35 - 39 years","Male","Thousand","121"
"Population Estimates (Persons in April)","1993","35 - 39 years","Female","Thousand","123.1"
"Population Estimates (Persons in April)","1993","40 - 44 years","Both sexes","Thousand","232.3"
"Population Estimates (Persons in April)","1993","40 - 44 years","Male","Thousand","116.8"
"Population Estimates (Persons in April)","1993","40 - 44 years","Female","Thousand","115.5"
"Population Estimates (Persons in April)","1993","45 - 49 years","Both sexes","Thousand","207.7"
"Population Estimates (Persons in April)","1993","45 - 49 years","Male","Thousand","105.8"
"Population Estimates (Persons in April)","1993","45 - 49 years","Female","Thousand","101.9"
"Population Estimates (Persons in April)","1993","45 - 64 years","Both sexes","Thousand","654.3"
"Population Estimates (Persons in April)","1993","45 - 64 years","Male","Thousand","330.4"
"Population Estimates (Persons in April)","1993","45 - 64 years","Female","Thousand","324"
"Population Estimates (Persons in April)","1993","50 - 54 years","Both sexes","Thousand","165.1"
"Population Estimates (Persons in April)","1993","50 - 54 years","Male","Thousand","84.1"
"Population Estimates (Persons in April)","1993","50 - 54 years","Female","Thousand","81"
"Population Estimates (Persons in April)","1993","55 - 59 years","Both sexes","Thousand","145.3"
"Population Estimates (Persons in April)","1993","55 - 59 years","Male","Thousand","73.2"
"Population Estimates (Persons in April)","1993","55 - 59 years","Female","Thousand","72.1"
"Population Estimates (Persons in April)","1993","60 - 64 years","Both sexes","Thousand","136.2"
"Population Estimates (Persons in April)","1993","60 - 64 years","Male","Thousand","67.3"
"Population Estimates (Persons in April)","1993","60 - 64 years","Female","Thousand","69"
"Population Estimates (Persons in April)","1993","65 - 69 years","Both sexes","Thousand","128.2"
"Population Estimates (Persons in April)","1993","65 - 69 years","Male","Thousand","59.9"
"Population Estimates (Persons in April)","1993","65 - 69 years","Female","Thousand","68.3"
"Population Estimates (Persons in April)","1993","65 years and over","Both sexes","Thousand","408"
"Population Estimates (Persons in April)","1993","65 years and over","Male","Thousand","175.1"
"Population Estimates (Persons in April)","1993","65 years and over","Female","Thousand","232.8"
"Population Estimates (Persons in April)","1993","70 - 74 years","Both sexes","Thousand","113.3"
"Population Estimates (Persons in April)","1993","70 - 74 years","Male","Thousand","50.8"
"Population Estimates (Persons in April)","1993","70 - 74 years","Female","Thousand","62.6"
"Population Estimates (Persons in April)","1993","75 - 79 years","Both sexes","Thousand","81.8"
"Population Estimates (Persons in April)","1993","75 - 79 years","Male","Thousand","34.3"
"Population Estimates (Persons in April)","1993","75 - 79 years","Female","Thousand","47.4"
"Population Estimates (Persons in April)","1993","80 - 84 years","Both sexes","Thousand","53.6"
"Population Estimates (Persons in April)","1993","80 - 84 years","Male","Thousand","20.9"
"Population Estimates (Persons in April)","1993","80 - 84 years","Female","Thousand","32.7"
"Population Estimates (Persons in April)","1993","85 years and over","Both sexes","Thousand","31.1"
"Population Estimates (Persons in April)","1993","85 years and over","Male","Thousand","9.2"
"Population Estimates (Persons in April)","1993","85 years and over","Female","Thousand","21.8"
"Population Estimates (Persons in April)","1993","All ages","Both sexes","Thousand","3574.1"
"Population Estimates (Persons in April)","1993","All ages","Male","Thousand","1778"
"Population Estimates (Persons in April)","1993","All ages","Female","Thousand","1796.1"
"Population Estimates (Persons in April)","1994","Under 1 year","Both sexes","Thousand","48.8"
"Population Estimates (Persons in April)","1994","Under 1 year","Male","Thousand","25.2"
"Population Estimates (Persons in April)","1994","Under 1 year","Female","Thousand","23.6"
"Population Estimates (Persons in April)","1994","0 - 4 years","Both sexes","Thousand",""
"Population Estimates (Persons in April)","1994","0 - 4 years","Male","Thousand",""
"Population Estimates (Persons in April)","1994","0 - 4 years","Female","Thousand",""
"Population Estimates (Persons in April)","1994","0 - 14 years","Both sexes","Thousand","898.5"
"Population Estimates (Persons in April)","1994","0 - 14 years","Male","Thousand","462.4"
"Population Estimates (Persons in April)","1994","0 - 14 years","Female","Thousand","436.4"
"Population Estimates (Persons in April)","1994","1 - 4 years","Both sexes","Thousand","211.4"
"Population Estimates (Persons in April)","1994","1 - 4 years","Male","Thousand","108.9"
"Population Estimates (Persons in April)","1994","1 - 4 years","Female","Thousand","102.6"
"Population Estimates (Persons in April)","1994","5 - 9 years","Both sexes","Thousand","293.4"
"Population Estimates (Persons in April)","1994","5 - 9 years","Male","Thousand","150.5"
"Population Estimates (Persons in April)","1994","5 - 9 years","Female","Thousand","143"
"Population Estimates (Persons in April)","1994","10 - 14 years","Both sexes","Thousand","344.9"
"Population Estimates (Persons in April)","1994","10 - 14 years","Male","Thousand","177.8"
"Population Estimates (Persons in April)","1994","10 - 14 years","Female","Thousand","167.2"
"Population Estimates (Persons in April)","1994","15 - 19 years","Both sexes","Thousand","331"
"Population Estimates (Persons in April)","1994","15 - 19 years","Male","Thousand","169.2"
"Population Estimates (Persons in April)","1994","15 - 19 years","Female","Thousand","161.8"
"Population Estimates (Persons in April)","1994","15 - 24 years","Both sexes","Thousand","621.1"
"Population Estimates (Persons in April)","1994","15 - 24 years","Male","Thousand","318.1"
"Population Estimates (Persons in April)","1994","15 - 24 years","Female","Thousand","303"
"Population Estimates (Persons in April)","1994","15 years and over","Both sexes","Thousand","2687.2"
"Population Estimates (Persons in April)","1994","15 years and over","Male","Thousand","1321.1"
"Population Estimates (Persons in April)","1994","15 years and over","Female","Thousand","1366.4"
"Population Estimates (Persons in April)","1994","20 - 24 years","Both sexes","Thousand","290.1"
"Population Estimates (Persons in April)","1994","20 - 24 years","Male","Thousand","148.9"
"Population Estimates (Persons in April)","1994","20 - 24 years","Female","Thousand","141.2"
"Population Estimates (Persons in April)","1994","25 - 29 years","Both sexes","Thousand","247.3"
"Population Estimates (Persons in April)","1994","25 - 29 years","Male","Thousand","123.1"
"Population Estimates (Persons in April)","1994","25 - 29 years","Female","Thousand","124.2"
"Population Estimates (Persons in April)","1994","25 - 44 years","Both sexes","Thousand","986.5"
"Population Estimates (Persons in April)","1994","25 - 44 years","Male","Thousand","489.1"
"Population Estimates (Persons in April)","1994","25 - 44 years","Female","Thousand","497.4"
"Population Estimates (Persons in April)","1994","30 - 34 years","Both sexes","Thousand","257.8"
"Population Estimates (Persons in April)","1994","30 - 34 years","Male","Thousand","125.9"
"Population Estimates (Persons in April)","1994","30 - 34 years","Female","Thousand","131.9"
"Population Estimates (Persons in April)","1994","35 - 39 years","Both sexes","Thousand","247.4"
"Population Estimates (Persons in April)","1994","35 - 39 years","Male","Thousand","122.6"
"Population Estimates (Persons in April)","1994","35 - 39 years","Female","Thousand","124.8"
"Population Estimates (Persons in April)","1994","40 - 44 years","Both sexes","Thousand","234"
"Population Estimates (Persons in April)","1994","40 - 44 years","Male","Thousand","117.5"
"Population Estimates (Persons in April)","1994","40 - 44 years","Female","Thousand","116.5"
"Population Estimates (Persons in April)","1994","45 - 49 years","Both sexes","Thousand","215.8"
"Population Estimates (Persons in April)","1994","45 - 49 years","Male","Thousand","109.5"
"Population Estimates (Persons in April)","1994","45 - 49 years","Female","Thousand","106.3"
"Population Estimates (Persons in April)","1994","45 - 64 years","Both sexes","Thousand","671"
"Population Estimates (Persons in April)","1994","45 - 64 years","Male","Thousand","338.7"
"Population Estimates (Persons in April)","1994","45 - 64 years","Female","Thousand","332.5"
"Population Estimates (Persons in April)","1994","50 - 54 years","Both sexes","Thousand","170.6"
"Population Estimates (Persons in April)","1994","50 - 54 years","Male","Thousand","86.9"
"Population Estimates (Persons in April)","1994","50 - 54 years","Female","Thousand","83.7"
"Population Estimates (Persons in April)","1994","55 - 59 years","Both sexes","Thousand","147.9"
"Population Estimates (Persons in April)","1994","55 - 59 years","Male","Thousand","74.4"
"Population Estimates (Persons in April)","1994","55 - 59 years","Female","Thousand","73.6"
"Population Estimates (Persons in April)","1994","60 - 64 years","Both sexes","Thousand","136.7"
"Population Estimates (Persons in April)","1994","60 - 64 years","Male","Thousand","67.9"
"Population Estimates (Persons in April)","1994","60 - 64 years","Female","Thousand","68.9"
"Population Estimates (Persons in April)","1994","65 - 69 years","Both sexes","Thousand","126.9"
"Population Estimates (Persons in April)","1994","65 - 69 years","Male","Thousand","59.5"
"Population Estimates (Persons in April)","1994","65 - 69 years","Female","Thousand","67.4"
"Population Estimates (Persons in April)","1994","65 years and over","Both sexes","Thousand","408.6"
"Population Estimates (Persons in April)","1994","65 years and over","Male","Thousand","175.2"
"Population Estimates (Persons in April)","1994","65 years and over","Female","Thousand","233.5"
"Population Estimates (Persons in April)","1994","70 - 74 years","Both sexes","Thousand","113.9"
"Population Estimates (Persons in April)","1994","70 - 74 years","Male","Thousand","51"
"Population Estimates (Persons in April)","1994","70 - 74 years","Female","Thousand","62.9"
"Population Estimates (Persons in April)","1994","75 - 79 years","Both sexes","Thousand","81.7"
"Population Estimates (Persons in April)","1994","75 - 79 years","Male","Thousand","34.3"
"Population Estimates (Persons in April)","1994","75 - 79 years","Female","Thousand","47.5"
"Population Estimates (Persons in April)","1994","80 - 84 years","Both sexes","Thousand","54.6"
"Population Estimates (Persons in April)","1994","80 - 84 years","Male","Thousand","21.1"
"Population Estimates (Persons in April)","1994","80 - 84 years","Female","Thousand","33.5"
"Population Estimates (Persons in April)","1994","85 years and over","Both sexes","Thousand","31.5"
"Population Estimates (Persons in April)","1994","85 years and over","Male","Thousand","9.3"
"Population Estimates (Persons in April)","1994","85 years and over","Female","Thousand","22.2"
"Population Estimates (Persons in April)","1994","All ages","Both sexes","Thousand","3585.9"
"Population Estimates (Persons in April)","1994","All ages","Male","Thousand","1783.3"
"Population Estimates (Persons in April)","1994","All ages","Female","Thousand","1802.6"
"Population Estimates (Persons in April)","1995","Under 1 year","Both sexes","Thousand","48.2"
"Population Estimates (Persons in April)","1995","Under 1 year","Male","Thousand","24.9"
"Population Estimates (Persons in April)","1995","Under 1 year","Female","Thousand","23.3"
"Population Estimates (Persons in April)","1995","0 - 4 years","Both sexes","Thousand",""
"Population Estimates (Persons in April)","1995","0 - 4 years","Male","Thousand",""
"Population Estimates (Persons in April)","1995","0 - 4 years","Female","Thousand",""
"Population Estimates (Persons in April)","1995","0 - 14 years","Both sexes","Thousand","878"
"Population Estimates (Persons in April)","1995","0 - 14 years","Male","Thousand","451.3"
"Population Estimates (Persons in April)","1995","0 - 14 years","Female","Thousand","426.5"
"Population Estimates (Persons in April)","1995","1 - 4 years","Both sexes","Thousand","207.3"
"Population Estimates (Persons in April)","1995","1 - 4 years","Male","Thousand","106.7"
"Population Estimates (Persons in April)","1995","1 - 4 years","Female","Thousand","100.6"
"Population Estimates (Persons in April)","1995","5 - 9 years","Both sexes","Thousand","287.3"
"Population Estimates (Persons in April)","1995","5 - 9 years","Male","Thousand","147.3"
"Population Estimates (Persons in April)","1995","5 - 9 years","Female","Thousand","139.9"
"Population Estimates (Persons in April)","1995","10 - 14 years","Both sexes","Thousand","335.2"
"Population Estimates (Persons in April)","1995","10 - 14 years","Male","Thousand","172.4"
"Population Estimates (Persons in April)","1995","10 - 14 years","Female","Thousand","162.7"
"Population Estimates (Persons in April)","1995","15 - 19 years","Both sexes","Thousand","335.2"
"Population Estimates (Persons in April)","1995","15 - 19 years","Male","Thousand","171.4"
"Population Estimates (Persons in April)","1995","15 - 19 years","Female","Thousand","163.8"
"Population Estimates (Persons in April)","1995","15 - 24 years","Both sexes","Thousand","625.6"
"Population Estimates (Persons in April)","1995","15 - 24 years","Male","Thousand","319.4"
"Population Estimates (Persons in April)","1995","15 - 24 years","Female","Thousand","306.3"
"Population Estimates (Persons in April)","1995","15 years and over","Both sexes","Thousand","2723.4"
"Population Estimates (Persons in April)","1995","15 years and over","Male","Thousand","1337.1"
"Population Estimates (Persons in April)","1995","15 years and over","Female","Thousand","1386.5"
"Population Estimates (Persons in April)","1995","20 - 24 years","Both sexes","Thousand","290.4"
"Population Estimates (Persons in April)","1995","20 - 24 years","Male","Thousand","148"
"Population Estimates (Persons in April)","1995","20 - 24 years","Female","Thousand","142.5"
"Population Estimates (Persons in April)","1995","25 - 29 years","Both sexes","Thousand","252.5"
"Population Estimates (Persons in April)","1995","25 - 29 years","Male","Thousand","126"
"Population Estimates (Persons in April)","1995","25 - 29 years","Female","Thousand","126.5"
"Population Estimates (Persons in April)","1995","25 - 44 years","Both sexes","Thousand","999.7"
"Population Estimates (Persons in April)","1995","25 - 44 years","Male","Thousand","495.4"
"Population Estimates (Persons in April)","1995","25 - 44 years","Female","Thousand","504.2"
"Population Estimates (Persons in April)","1995","30 - 34 years","Both sexes","Thousand","259.8"
"Population Estimates (Persons in April)","1995","30 - 34 years","Male","Thousand","127.1"
"Population Estimates (Persons in April)","1995","30 - 34 years","Female","Thousand","132.7"
"Population Estimates (Persons in April)","1995","35 - 39 years","Both sexes","Thousand","249.7"
"Population Estimates (Persons in April)","1995","35 - 39 years","Male","Thousand","123.2"
"Population Estimates (Persons in April)","1995","35 - 39 years","Female","Thousand","126.4"
"Population Estimates (Persons in April)","1995","40 - 44 years","Both sexes","Thousand","237.7"
"Population Estimates (Persons in April)","1995","40 - 44 years","Male","Thousand","119.1"
"Population Estimates (Persons in April)","1995","40 - 44 years","Female","Thousand","118.6"
"Population Estimates (Persons in April)","1995","45 - 49 years","Both sexes","Thousand","222.3"
"Population Estimates (Persons in April)","1995","45 - 49 years","Male","Thousand","112.3"
"Population Estimates (Persons in April)","1995","45 - 49 years","Female","Thousand","110"
"Population Estimates (Persons in April)","1995","45 - 64 years","Both sexes","Thousand","686.8"
"Population Estimates (Persons in April)","1995","45 - 64 years","Male","Thousand","346.2"
"Population Estimates (Persons in April)","1995","45 - 64 years","Female","Thousand","340.7"
"Population Estimates (Persons in April)","1995","50 - 54 years","Both sexes","Thousand","176.4"
"Population Estimates (Persons in April)","1995","50 - 54 years","Male","Thousand","89.8"
"Population Estimates (Persons in April)","1995","50 - 54 years","Female","Thousand","86.6"
"Population Estimates (Persons in April)","1995","55 - 59 years","Both sexes","Thousand","151.7"
"Population Estimates (Persons in April)","1995","55 - 59 years","Male","Thousand","76.2"
"Population Estimates (Persons in April)","1995","55 - 59 years","Female","Thousand","75.5"
"Population Estimates (Persons in April)","1995","60 - 64 years","Both sexes","Thousand","136.4"
"Population Estimates (Persons in April)","1995","60 - 64 years","Male","Thousand","67.9"
"Population Estimates (Persons in April)","1995","60 - 64 years","Female","Thousand","68.6"
"Population Estimates (Persons in April)","1995","65 - 69 years","Both sexes","Thousand","126.6"
"Population Estimates (Persons in April)","1995","65 - 69 years","Male","Thousand","59.7"
"Population Estimates (Persons in April)","1995","65 - 69 years","Female","Thousand","66.9"
"Population Estimates (Persons in April)","1995","65 years and over","Both sexes","Thousand","411.3"
"Population Estimates (Persons in April)","1995","65 years and over","Male","Thousand","176.1"
"Population Estimates (Persons in April)","1995","65 years and over","Female","Thousand","235.3"
"Population Estimates (Persons in April)","1995","70 - 74 years","Both sexes","Thousand","113.3"
"Population Estimates (Persons in April)","1995","70 - 74 years","Male","Thousand","50.4"
"Population Estimates (Persons in April)","1995","70 - 74 years","Female","Thousand","62.9"
"Population Estimates (Persons in April)","1995","75 - 79 years","Both sexes","Thousand","82.4"
"Population Estimates (Persons in April)","1995","75 - 79 years","Male","Thousand","34.7"
"Population Estimates (Persons in April)","1995","75 - 79 years","Female","Thousand","47.8"
"Population Estimates (Persons in April)","1995","80 - 84 years","Both sexes","Thousand","55.9"
"Population Estimates (Persons in April)","1995","80 - 84 years","Male","Thousand","21.3"
"Population Estimates (Persons in April)","1995","80 - 84 years","Female","Thousand","34.6"
"Population Estimates (Persons in April)","1995","85 years and over","Both sexes","Thousand","33.1"
"Population Estimates (Persons in April)","1995","85 years and over","Male","Thousand","10"
"Population Estimates (Persons in April)","1995","85 years and over","Female","Thousand","23.1"
"Population Estimates (Persons in April)","1995","All ages","Both sexes","Thousand","3601.3"
"Population Estimates (Persons in April)","1995","All ages","Male","Thousand","1788.4"
"Population Estimates (Persons in April)","1995","All ages","Female","Thousand","1812.9"
"Population Estimates (Persons in April)","1996","Under 1 year","Both sexes","Thousand","48.9"
"Population Estimates (Persons in April)","1996","Under 1 year","Male","Thousand","25.2"
"Population Estimates (Persons in April)","1996","Under 1 year","Female","Thousand","23.6"
"Population Estimates (Persons in April)","1996","0 - 4 years","Both sexes","Thousand","250.4"
"Population Estimates (Persons in April)","1996","0 - 4 years","Male","Thousand","128.7"
"Population Estimates (Persons in April)","1996","0 - 4 years","Female","Thousand","121.6"
"Population Estimates (Persons in April)","1996","0 - 14 years","Both sexes","Thousand","859.4"
"Population Estimates (Persons in April)","1996","0 - 14 years","Male","Thousand","441.5"
"Population Estimates (Persons in April)","1996","0 - 14 years","Female","Thousand","418"
"Population Estimates (Persons in April)","1996","1 - 4 years","Both sexes","Thousand","201.5"
"Population Estimates (Persons in April)","1996","1 - 4 years","Male","Thousand","103.5"
"Population Estimates (Persons in April)","1996","1 - 4 years","Female","Thousand","98"
"Population Estimates (Persons in April)","1996","5 - 9 years","Both sexes","Thousand","282.9"
"Population Estimates (Persons in April)","1996","5 - 9 years","Male","Thousand","145.3"
"Population Estimates (Persons in April)","1996","5 - 9 years","Female","Thousand","137.6"
"Population Estimates (Persons in April)","1996","10 - 14 years","Both sexes","Thousand","326.1"
"Population Estimates (Persons in April)","1996","10 - 14 years","Male","Thousand","167.4"
"Population Estimates (Persons in April)","1996","10 - 14 years","Female","Thousand","158.7"
"Population Estimates (Persons in April)","1996","15 - 19 years","Both sexes","Thousand","339.5"
"Population Estimates (Persons in April)","1996","15 - 19 years","Male","Thousand","174"
"Population Estimates (Persons in April)","1996","15 - 19 years","Female","Thousand","165.6"
"Population Estimates (Persons in April)","1996","15 - 24 years","Both sexes","Thousand","632.9"
"Population Estimates (Persons in April)","1996","15 - 24 years","Male","Thousand","323.1"
"Population Estimates (Persons in April)","1996","15 - 24 years","Female","Thousand","309.8"
"Population Estimates (Persons in April)","1996","15 years and over","Both sexes","Thousand","2766.7"
"Population Estimates (Persons in April)","1996","15 years and over","Male","Thousand","1358.8"
"Population Estimates (Persons in April)","1996","15 years and over","Female","Thousand","1407.9"
"Population Estimates (Persons in April)","1996","20 - 24 years","Both sexes","Thousand","293.4"
"Population Estimates (Persons in April)","1996","20 - 24 years","Male","Thousand","149.1"
"Population Estimates (Persons in April)","1996","20 - 24 years","Female","Thousand","144.2"
"Population Estimates (Persons in April)","1996","25 - 29 years","Both sexes","Thousand","259"
"Population Estimates (Persons in April)","1996","25 - 29 years","Male","Thousand","129.4"
"Population Estimates (Persons in April)","1996","25 - 29 years","Female","Thousand","129.7"
"Population Estimates (Persons in April)","1996","25 - 44 years","Both sexes","Thousand","1016.1"
"Population Estimates (Persons in April)","1996","25 - 44 years","Male","Thousand","503.3"
"Population Estimates (Persons in April)","1996","25 - 44 years","Female","Thousand","512.8"
"Population Estimates (Persons in April)","1996","30 - 34 years","Both sexes","Thousand","260.9"
"Population Estimates (Persons in April)","1996","30 - 34 years","Male","Thousand","127.7"
"Population Estimates (Persons in April)","1996","30 - 34 years","Female","Thousand","133.2"
"Population Estimates (Persons in April)","1996","35 - 39 years","Both sexes","Thousand","255.7"
"Population Estimates (Persons in April)","1996","35 - 39 years","Male","Thousand","126.1"
"Population Estimates (Persons in April)","1996","35 - 39 years","Female","Thousand","129.5"
"Population Estimates (Persons in April)","1996","40 - 44 years","Both sexes","Thousand","240.4"
"Population Estimates (Persons in April)","1996","40 - 44 years","Male","Thousand","120.1"
"Population Estimates (Persons in April)","1996","40 - 44 years","Female","Thousand","120.4"
"Population Estimates (Persons in April)","1996","45 - 49 years","Both sexes","Thousand","225.4"
"Population Estimates (Persons in April)","1996","45 - 49 years","Male","Thousand","113.8"
"Population Estimates (Persons in April)","1996","45 - 49 years","Female","Thousand","111.6"
"Population Estimates (Persons in April)","1996","45 - 64 years","Both sexes","Thousand","703.8"
"Population Estimates (Persons in April)","1996","45 - 64 years","Male","Thousand","355.1"
"Population Estimates (Persons in April)","1996","45 - 64 years","Female","Thousand","348.7"
"Population Estimates (Persons in April)","1996","50 - 54 years","Both sexes","Thousand","186.6"
"Population Estimates (Persons in April)","1996","50 - 54 years","Male","Thousand","94.8"
"Population Estimates (Persons in April)","1996","50 - 54 years","Female","Thousand","91.8"
"Population Estimates (Persons in April)","1996","55 - 59 years","Both sexes","Thousand","153.8"
"Population Estimates (Persons in April)","1996","55 - 59 years","Male","Thousand","77.8"
"Population Estimates (Persons in April)","1996","55 - 59 years","Female","Thousand","76"
"Population Estimates (Persons in April)","1996","60 - 64 years","Both sexes","Thousand","137.9"
"Population Estimates (Persons in April)","1996","60 - 64 years","Male","Thousand","68.7"
"Population Estimates (Persons in April)","1996","60 - 64 years","Female","Thousand","69.3"
"Population Estimates (Persons in April)","1996","65 - 69 years","Both sexes","Thousand","126.8"
"Population Estimates (Persons in April)","1996","65 - 69 years","Male","Thousand","60.3"
"Population Estimates (Persons in April)","1996","65 - 69 years","Female","Thousand","66.6"
"Population Estimates (Persons in April)","1996","65 years and over","Both sexes","Thousand","413.9"
"Population Estimates (Persons in April)","1996","65 years and over","Male","Thousand","177.3"
"Population Estimates (Persons in April)","1996","65 years and over","Female","Thousand","236.6"
"Population Estimates (Persons in April)","1996","70 - 74 years","Both sexes","Thousand","112.5"
"Population Estimates (Persons in April)","1996","70 - 74 years","Male","Thousand","50.1"
"Population Estimates (Persons in April)","1996","70 - 74 years","Female","Thousand","62.4"
"Population Estimates (Persons in April)","1996","75 - 79 years","Both sexes","Thousand","84.1"
"Population Estimates (Persons in April)","1996","75 - 79 years","Male","Thousand","35.2"
"Population Estimates (Persons in April)","1996","75 - 79 years","Female","Thousand","48.9"
"Population Estimates (Persons in April)","1996","80 - 84 years","Both sexes","Thousand","55.8"
"Population Estimates (Persons in April)","1996","80 - 84 years","Male","Thousand","21.1"
"Population Estimates (Persons in April)","1996","80 - 84 years","Female","Thousand","34.7"
"Population Estimates (Persons in April)","1996","85 years and over","Both sexes","Thousand","34.7"
"Population Estimates (Persons in April)","1996","85 years and over","Male","Thousand","10.6"
"Population Estimates (Persons in April)","1996","85 years and over","Female","Thousand","24.1"
"Population Estimates (Persons in April)","1996","All ages","Both sexes","Thousand","3626.1"
"Population Estimates (Persons in April)","1996","All ages","Male","Thousand","1800.2"
"Population Estimates (Persons in April)","1996","All ages","Female","Thousand","1825.9"
"Population Estimates (Persons in April)","1997","Under 1 year","Both sexes","Thousand","50.5"
"Population Estimates (Persons in April)","1997","Under 1 year","Male","Thousand","26.1"
"Population Estimates (Persons in April)","1997","Under 1 year","Female","Thousand","24.4"
"Population Estimates (Persons in April)","1997","0 - 4 years","Both sexes","Thousand","250"
"Population Estimates (Persons in April)","1997","0 - 4 years","Male","Thousand","128.7"
"Population Estimates (Persons in April)","1997","0 - 4 years","Female","Thousand","121.3"
"Population Estimates (Persons in April)","1997","0 - 14 years","Both sexes","Thousand","846"
"Population Estimates (Persons in April)","1997","0 - 14 years","Male","Thousand","434.4"
"Population Estimates (Persons in April)","1997","0 - 14 years","Female","Thousand","411.5"
"Population Estimates (Persons in April)","1997","1 - 4 years","Both sexes","Thousand","199.5"
"Population Estimates (Persons in April)","1997","1 - 4 years","Male","Thousand","102.6"
"Population Estimates (Persons in April)","1997","1 - 4 years","Female","Thousand","96.9"
"Population Estimates (Persons in April)","1997","5 - 9 years","Both sexes","Thousand","277.9"
"Population Estimates (Persons in April)","1997","5 - 9 years","Male","Thousand","142.2"
"Population Estimates (Persons in April)","1997","5 - 9 years","Female","Thousand","135.7"
"Population Estimates (Persons in April)","1997","10 - 14 years","Both sexes","Thousand","318"
"Population Estimates (Persons in April)","1997","10 - 14 years","Male","Thousand","163.5"
"Population Estimates (Persons in April)","1997","10 - 14 years","Female","Thousand","154.5"
"Population Estimates (Persons in April)","1997","15 - 19 years","Both sexes","Thousand","343.7"
"Population Estimates (Persons in April)","1997","15 - 19 years","Male","Thousand","176.2"
"Population Estimates (Persons in April)","1997","15 - 19 years","Female","Thousand","167.6"
"Population Estimates (Persons in April)","1997","15 - 24 years","Both sexes","Thousand","640.9"
"Population Estimates (Persons in April)","1997","15 - 24 years","Male","Thousand","327.5"
"Population Estimates (Persons in April)","1997","15 - 24 years","Female","Thousand","313.4"
"Population Estimates (Persons in April)","1997","15 years and over","Both sexes","Thousand","2818.3"
"Population Estimates (Persons in April)","1997","15 years and over","Male","Thousand","1384.9"
"Population Estimates (Persons in April)","1997","15 years and over","Female","Thousand","1433.4"
"Population Estimates (Persons in April)","1997","20 - 24 years","Both sexes","Thousand","297.2"
"Population Estimates (Persons in April)","1997","20 - 24 years","Male","Thousand","151.3"
"Population Estimates (Persons in April)","1997","20 - 24 years","Female","Thousand","145.9"
"Population Estimates (Persons in April)","1997","25 - 29 years","Both sexes","Thousand","264.4"
"Population Estimates (Persons in April)","1997","25 - 29 years","Male","Thousand","132"
"Population Estimates (Persons in April)","1997","25 - 29 years","Female","Thousand","132.5"
"Population Estimates (Persons in April)","1997","25 - 44 years","Both sexes","Thousand","1037.6"
"Population Estimates (Persons in April)","1997","25 - 44 years","Male","Thousand","513.9"
"Population Estimates (Persons in April)","1997","25 - 44 years","Female","Thousand","523.7"
"Population Estimates (Persons in April)","1997","30 - 34 years","Both sexes","Thousand","265.1"
"Population Estimates (Persons in April)","1997","30 - 34 years","Male","Thousand","129.9"
"Population Estimates (Persons in April)","1997","30 - 34 years","Female","Thousand","135.2"
"Population Estimates (Persons in April)","1997","35 - 39 years","Both sexes","Thousand","260.7"
"Population Estimates (Persons in April)","1997","35 - 39 years","Male","Thousand","128.7"
"Population Estimates (Persons in April)","1997","35 - 39 years","Female","Thousand","132"
"Population Estimates (Persons in April)","1997","40 - 44 years","Both sexes","Thousand","247.4"
"Population Estimates (Persons in April)","1997","40 - 44 years","Male","Thousand","123.3"
"Population Estimates (Persons in April)","1997","40 - 44 years","Female","Thousand","124"
"Population Estimates (Persons in April)","1997","45 - 49 years","Both sexes","Thousand","228.2"
"Population Estimates (Persons in April)","1997","45 - 49 years","Male","Thousand","114.8"
"Population Estimates (Persons in April)","1997","45 - 49 years","Female","Thousand","113.4"
"Population Estimates (Persons in April)","1997","45 - 64 years","Both sexes","Thousand","723.6"
"Population Estimates (Persons in April)","1997","45 - 64 years","Male","Thousand","365"
"Population Estimates (Persons in April)","1997","45 - 64 years","Female","Thousand","358.6"
"Population Estimates (Persons in April)","1997","50 - 54 years","Both sexes","Thousand","198.3"
"Population Estimates (Persons in April)","1997","50 - 54 years","Male","Thousand","100.8"
"Population Estimates (Persons in April)","1997","50 - 54 years","Female","Thousand","97.6"
"Population Estimates (Persons in April)","1997","55 - 59 years","Both sexes","Thousand","156.1"
"Population Estimates (Persons in April)","1997","55 - 59 years","Male","Thousand","79.2"
"Population Estimates (Persons in April)","1997","55 - 59 years","Female","Thousand","76.9"
"Population Estimates (Persons in April)","1997","60 - 64 years","Both sexes","Thousand","140.9"
"Population Estimates (Persons in April)","1997","60 - 64 years","Male","Thousand","70.2"
"Population Estimates (Persons in April)","1997","60 - 64 years","Female","Thousand","70.8"
"Population Estimates (Persons in April)","1997","65 - 69 years","Both sexes","Thousand","126.7"
"Population Estimates (Persons in April)","1997","65 - 69 years","Male","Thousand","60.9"
"Population Estimates (Persons in April)","1997","65 - 69 years","Female","Thousand","65.9"
"Population Estimates (Persons in April)","1997","65 years and over","Both sexes","Thousand","416.3"
"Population Estimates (Persons in April)","1997","65 years and over","Male","Thousand","178.6"
"Population Estimates (Persons in April)","1997","65 years and over","Female","Thousand","237.7"
"Population Estimates (Persons in April)","1997","70 - 74 years","Both sexes","Thousand","112.8"
"Population Estimates (Persons in April)","1997","70 - 74 years","Male","Thousand","50.2"
"Population Estimates (Persons in April)","1997","70 - 74 years","Female","Thousand","62.6"
"Population Estimates (Persons in April)","1997","75 - 79 years","Both sexes","Thousand","85"
"Population Estimates (Persons in April)","1997","75 - 79 years","Male","Thousand","35.6"
"Population Estimates (Persons in April)","1997","75 - 79 years","Female","Thousand","49.4"
"Population Estimates (Persons in April)","1997","80 - 84 years","Both sexes","Thousand","55.8"
"Population Estimates (Persons in April)","1997","80 - 84 years","Male","Thousand","20.9"
"Population Estimates (Persons in April)","1997","80 - 84 years","Female","Thousand","34.9"
"Population Estimates (Persons in April)","1997","85 years and over","Both sexes","Thousand","35.8"
"Population Estimates (Persons in April)","1997","85 years and over","Male","Thousand","11"
"Population Estimates (Persons in April)","1997","85 years and over","Female","Thousand","24.9"
"Population Estimates (Persons in April)","1997","All ages","Both sexes","Thousand","3664.3"
"Population Estimates (Persons in April)","1997","All ages","Male","Thousand","1819.4"
"Population Estimates (Persons in April)","1997","All ages","Female","Thousand","1844.9"
"Population Estimates (Persons in April)","1998","Under 1 year","Both sexes","Thousand","52.6"
"Population Estimates (Persons in April)","1998","Under 1 year","Male","Thousand","27"
"Population Estimates (Persons in April)","1998","Under 1 year","Female","Thousand","25.6"
"Population Estimates (Persons in April)","1998","0 - 4 years","Both sexes","Thousand","253.6"
"Population Estimates (Persons in April)","1998","0 - 4 years","Male","Thousand","130.8"
"Population Estimates (Persons in April)","1998","0 - 4 years","Female","Thousand","122.9"
"Population Estimates (Persons in April)","1998","0 - 14 years","Both sexes","Thousand","835.8"
"Population Estimates (Persons in April)","1998","0 - 14 years","Male","Thousand","429.3"
"Population Estimates (Persons in April)","1998","0 - 14 years","Female","Thousand","406.5"
"Population Estimates (Persons in April)","1998","1 - 4 years","Both sexes","Thousand","201.1"
"Population Estimates (Persons in April)","1998","1 - 4 years","Male","Thousand","103.8"
"Population Estimates (Persons in April)","1998","1 - 4 years","Female","Thousand","97.3"
"Population Estimates (Persons in April)","1998","5 - 9 years","Both sexes","Thousand","273.8"
"Population Estimates (Persons in April)","1998","5 - 9 years","Male","Thousand","140.3"
"Population Estimates (Persons in April)","1998","5 - 9 years","Female","Thousand","133.6"
"Population Estimates (Persons in April)","1998","10 - 14 years","Both sexes","Thousand","308.3"
"Population Estimates (Persons in April)","1998","10 - 14 years","Male","Thousand","158.3"
"Population Estimates (Persons in April)","1998","10 - 14 years","Female","Thousand","150.1"
"Population Estimates (Persons in April)","1998","15 - 19 years","Both sexes","Thousand","343.7"
"Population Estimates (Persons in April)","1998","15 - 19 years","Male","Thousand","175.7"
"Population Estimates (Persons in April)","1998","15 - 19 years","Female","Thousand","168"
"Population Estimates (Persons in April)","1998","15 - 24 years","Both sexes","Thousand","642.8"
"Population Estimates (Persons in April)","1998","15 - 24 years","Male","Thousand","328.1"
"Population Estimates (Persons in April)","1998","15 - 24 years","Female","Thousand","314.7"
"Population Estimates (Persons in April)","1998","15 years and over","Both sexes","Thousand","2867.3"
"Population Estimates (Persons in April)","1998","15 years and over","Male","Thousand","1409.5"
"Population Estimates (Persons in April)","1998","15 years and over","Female","Thousand","1457.7"
"Population Estimates (Persons in April)","1998","20 - 24 years","Both sexes","Thousand","299.1"
"Population Estimates (Persons in April)","1998","20 - 24 years","Male","Thousand","152.3"
"Population Estimates (Persons in April)","1998","20 - 24 years","Female","Thousand","146.7"
"Population Estimates (Persons in April)","1998","25 - 29 years","Both sexes","Thousand","272.4"
"Population Estimates (Persons in April)","1998","25 - 29 years","Male","Thousand","136.6"
"Population Estimates (Persons in April)","1998","25 - 29 years","Female","Thousand","135.8"
"Population Estimates (Persons in April)","1998","25 - 44 years","Both sexes","Thousand","1058.8"
"Population Estimates (Persons in April)","1998","25 - 44 years","Male","Thousand","525.4"
"Population Estimates (Persons in April)","1998","25 - 44 years","Female","Thousand","533.4"
"Population Estimates (Persons in April)","1998","30 - 34 years","Both sexes","Thousand","267.9"
"Population Estimates (Persons in April)","1998","30 - 34 years","Male","Thousand","131.8"
"Population Estimates (Persons in April)","1998","30 - 34 years","Female","Thousand","136.1"
"Population Estimates (Persons in April)","1998","35 - 39 years","Both sexes","Thousand","267.1"
"Population Estimates (Persons in April)","1998","35 - 39 years","Male","Thousand","131.9"
"Population Estimates (Persons in April)","1998","35 - 39 years","Female","Thousand","135.3"
"Population Estimates (Persons in April)","1998","40 - 44 years","Both sexes","Thousand","251.3"
"Population Estimates (Persons in April)","1998","40 - 44 years","Male","Thousand","125.1"
"Population Estimates (Persons in April)","1998","40 - 44 years","Female","Thousand","126.3"
"Population Estimates (Persons in April)","1998","45 - 49 years","Both sexes","Thousand","232.8"
"Population Estimates (Persons in April)","1998","45 - 49 years","Male","Thousand","116.7"
"Population Estimates (Persons in April)","1998","45 - 49 years","Female","Thousand","116.1"
"Population Estimates (Persons in April)","1998","45 - 64 years","Both sexes","Thousand","745.5"
"Population Estimates (Persons in April)","1998","45 - 64 years","Male","Thousand","375.6"
"Population Estimates (Persons in April)","1998","45 - 64 years","Female","Thousand","370"
"Population Estimates (Persons in April)","1998","50 - 54 years","Both sexes","Thousand","207.9"
"Population Estimates (Persons in April)","1998","50 - 54 years","Male","Thousand","105.8"
"Population Estimates (Persons in April)","1998","50 - 54 years","Female","Thousand","102.1"
"Population Estimates (Persons in April)","1998","55 - 59 years","Both sexes","Thousand","162.4"
"Population Estimates (Persons in April)","1998","55 - 59 years","Male","Thousand","82.2"
"Population Estimates (Persons in April)","1998","55 - 59 years","Female","Thousand","80.3"
"Population Estimates (Persons in April)","1998","60 - 64 years","Both sexes","Thousand","142.3"
"Population Estimates (Persons in April)","1998","60 - 64 years","Male","Thousand","70.9"
"Population Estimates (Persons in April)","1998","60 - 64 years","Female","Thousand","71.5"
"Population Estimates (Persons in April)","1998","65 - 69 years","Both sexes","Thousand","128.2"
"Population Estimates (Persons in April)","1998","65 - 69 years","Male","Thousand","62.2"
"Population Estimates (Persons in April)","1998","65 - 69 years","Female","Thousand","66"
"Population Estimates (Persons in April)","1998","65 years and over","Both sexes","Thousand","420.2"
"Population Estimates (Persons in April)","1998","65 years and over","Male","Thousand","180.6"
"Population Estimates (Persons in April)","1998","65 years and over","Female","Thousand","239.7"
"Population Estimates (Persons in April)","1998","70 - 74 years","Both sexes","Thousand","111.7"
"Population Estimates (Persons in April)","1998","70 - 74 years","Male","Thousand","49.8"
"Population Estimates (Persons in April)","1998","70 - 74 years","Female","Thousand","62"
"Population Estimates (Persons in April)","1998","75 - 79 years","Both sexes","Thousand","88.3"
"Population Estimates (Persons in April)","1998","75 - 79 years","Male","Thousand","36.8"
"Population Estimates (Persons in April)","1998","75 - 79 years","Female","Thousand","51.6"
"Population Estimates (Persons in April)","1998","80 - 84 years","Both sexes","Thousand","54.6"
"Population Estimates (Persons in April)","1998","80 - 84 years","Male","Thousand","20.5"
"Population Estimates (Persons in April)","1998","80 - 84 years","Female","Thousand","34.2"
"Population Estimates (Persons in April)","1998","85 years and over","Both sexes","Thousand","37.4"
"Population Estimates (Persons in April)","1998","85 years and over","Male","Thousand","11.4"
"Population Estimates (Persons in April)","1998","85 years and over","Female","Thousand","26"
"Population Estimates (Persons in April)","1998","All ages","Both sexes","Thousand","3703.1"
"Population Estimates (Persons in April)","1998","All ages","Male","Thousand","1838.9"
"Population Estimates (Persons in April)","1998","All ages","Female","Thousand","1864.2"
"Population Estimates (Persons in April)","1999","Under 1 year","Both sexes","Thousand","53.3"
"Population Estimates (Persons in April)","1999","Under 1 year","Male","Thousand","27.4"
"Population Estimates (Persons in April)","1999","Under 1 year","Female","Thousand","25.9"
"Population Estimates (Persons in April)","1999","0 - 4 years","Both sexes","Thousand","259.8"
"Population Estimates (Persons in April)","1999","0 - 4 years","Male","Thousand","134"
"Population Estimates (Persons in April)","1999","0 - 4 years","Female","Thousand","125.8"
"Population Estimates (Persons in April)","1999","0 - 14 years","Both sexes","Thousand","830.6"
"Population Estimates (Persons in April)","1999","0 - 14 years","Male","Thousand","426.7"
"Population Estimates (Persons in April)","1999","0 - 14 years","Female","Thousand","403.9"
"Population Estimates (Persons in April)","1999","1 - 4 years","Both sexes","Thousand","206.4"
"Population Estimates (Persons in April)","1999","1 - 4 years","Male","Thousand","106.5"
"Population Estimates (Persons in April)","1999","1 - 4 years","Female","Thousand","99.9"
"Population Estimates (Persons in April)","1999","5 - 9 years","Both sexes","Thousand","270.6"
"Population Estimates (Persons in April)","1999","5 - 9 years","Male","Thousand","138.7"
"Population Estimates (Persons in April)","1999","5 - 9 years","Female","Thousand","131.9"
"Population Estimates (Persons in April)","1999","10 - 14 years","Both sexes","Thousand","300.2"
"Population Estimates (Persons in April)","1999","10 - 14 years","Male","Thousand","154.1"
"Population Estimates (Persons in April)","1999","10 - 14 years","Female","Thousand","146.2"
"Population Estimates (Persons in April)","1999","15 - 19 years","Both sexes","Thousand","338.5"
"Population Estimates (Persons in April)","1999","15 - 19 years","Male","Thousand","173.8"
"Population Estimates (Persons in April)","1999","15 - 19 years","Female","Thousand","164.7"
"Population Estimates (Persons in April)","1999","15 - 24 years","Both sexes","Thousand","642.5"
"Population Estimates (Persons in April)","1999","15 - 24 years","Male","Thousand","327.5"
"Population Estimates (Persons in April)","1999","15 - 24 years","Female","Thousand","315"
"Population Estimates (Persons in April)","1999","15 years and over","Both sexes","Thousand","2911.1"
"Population Estimates (Persons in April)","1999","15 years and over","Male","Thousand","1431.9"
"Population Estimates (Persons in April)","1999","15 years and over","Female","Thousand","1479.2"
"Population Estimates (Persons in April)","1999","20 - 24 years","Both sexes","Thousand","303.9"
"Population Estimates (Persons in April)","1999","20 - 24 years","Male","Thousand","153.6"
"Population Estimates (Persons in April)","1999","20 - 24 years","Female","Thousand","150.3"
"Population Estimates (Persons in April)","1999","25 - 29 years","Both sexes","Thousand","279.7"
"Population Estimates (Persons in April)","1999","25 - 29 years","Male","Thousand","140.5"
"Population Estimates (Persons in April)","1999","25 - 29 years","Female","Thousand","139.3"
"Population Estimates (Persons in April)","1999","25 - 44 years","Both sexes","Thousand","1080.8"
"Population Estimates (Persons in April)","1999","25 - 44 years","Male","Thousand","537.1"
"Population Estimates (Persons in April)","1999","25 - 44 years","Female","Thousand","543.7"
"Population Estimates (Persons in April)","1999","30 - 34 years","Both sexes","Thousand","271.9"
"Population Estimates (Persons in April)","1999","30 - 34 years","Male","Thousand","133.9"
"Population Estimates (Persons in April)","1999","30 - 34 years","Female","Thousand","138"
"Population Estimates (Persons in April)","1999","35 - 39 years","Both sexes","Thousand","273.5"
"Population Estimates (Persons in April)","1999","35 - 39 years","Male","Thousand","135.2"
"Population Estimates (Persons in April)","1999","35 - 39 years","Female","Thousand","138.3"
"Population Estimates (Persons in April)","1999","40 - 44 years","Both sexes","Thousand","255.7"
"Population Estimates (Persons in April)","1999","40 - 44 years","Male","Thousand","127.5"
"Population Estimates (Persons in April)","1999","40 - 44 years","Female","Thousand","128.2"
"Population Estimates (Persons in April)","1999","45 - 49 years","Both sexes","Thousand","234.7"
"Population Estimates (Persons in April)","1999","45 - 49 years","Male","Thousand","117.6"
"Population Estimates (Persons in April)","1999","45 - 49 years","Female","Thousand","117.1"
"Population Estimates (Persons in April)","1999","45 - 64 years","Both sexes","Thousand","765.8"
"Population Estimates (Persons in April)","1999","45 - 64 years","Male","Thousand","385.7"
"Population Estimates (Persons in April)","1999","45 - 64 years","Female","Thousand","380.2"
"Population Estimates (Persons in April)","1999","50 - 54 years","Both sexes","Thousand","217.5"
"Population Estimates (Persons in April)","1999","50 - 54 years","Male","Thousand","110.4"
"Population Estimates (Persons in April)","1999","50 - 54 years","Female","Thousand","107.1"
"Population Estimates (Persons in April)","1999","55 - 59 years","Both sexes","Thousand","168.2"
"Population Estimates (Persons in April)","1999","55 - 59 years","Male","Thousand","85.2"
"Population Estimates (Persons in April)","1999","55 - 59 years","Female","Thousand","83"
"Population Estimates (Persons in April)","1999","60 - 64 years","Both sexes","Thousand","145.5"
"Population Estimates (Persons in April)","1999","60 - 64 years","Male","Thousand","72.5"
"Population Estimates (Persons in April)","1999","60 - 64 years","Female","Thousand","73"
"Population Estimates (Persons in April)","1999","65 - 69 years","Both sexes","Thousand","128.8"
"Population Estimates (Persons in April)","1999","65 - 69 years","Male","Thousand","63"
"Population Estimates (Persons in April)","1999","65 - 69 years","Female","Thousand","65.9"
"Population Estimates (Persons in April)","1999","65 years and over","Both sexes","Thousand","421.9"
"Population Estimates (Persons in April)","1999","65 years and over","Male","Thousand","181.6"
"Population Estimates (Persons in April)","1999","65 years and over","Female","Thousand","240.3"
"Population Estimates (Persons in April)","1999","70 - 74 years","Both sexes","Thousand","111.1"
"Population Estimates (Persons in April)","1999","70 - 74 years","Male","Thousand","49.7"
"Population Estimates (Persons in April)","1999","70 - 74 years","Female","Thousand","61.4"
"Population Estimates (Persons in April)","1999","75 - 79 years","Both sexes","Thousand","89.1"
"Population Estimates (Persons in April)","1999","75 - 79 years","Male","Thousand","37"
"Population Estimates (Persons in April)","1999","75 - 79 years","Female","Thousand","52.1"
"Population Estimates (Persons in April)","1999","80 - 84 years","Both sexes","Thousand","54.6"
"Population Estimates (Persons in April)","1999","80 - 84 years","Male","Thousand","20.4"
"Population Estimates (Persons in April)","1999","80 - 84 years","Female","Thousand","34.2"
"Population Estimates (Persons in April)","1999","85 years and over","Both sexes","Thousand","38.3"
"Population Estimates (Persons in April)","1999","85 years and over","Male","Thousand","11.5"
"Population Estimates (Persons in April)","1999","85 years and over","Female","Thousand","26.8"
"Population Estimates (Persons in April)","1999","All ages","Both sexes","Thousand","3741.6"
"Population Estimates (Persons in April)","1999","All ages","Male","Thousand","1858.6"
"Population Estimates (Persons in April)","1999","All ages","Female","Thousand","1883"
"Population Estimates (Persons in April)","2000","Under 1 year","Both sexes","Thousand","53.6"
"Population Estimates (Persons in April)","2000","Under 1 year","Male","Thousand","27.6"
"Population Estimates (Persons in April)","2000","Under 1 year","Female","Thousand","26"
"Population Estimates (Persons in April)","2000","0 - 4 years","Both sexes","Thousand","266.2"
"Population Estimates (Persons in April)","2000","0 - 4 years","Male","Thousand","137.2"
"Population Estimates (Persons in April)","2000","0 - 4 years","Female","Thousand","128.9"
"Population Estimates (Persons in April)","2000","0 - 14 years","Both sexes","Thousand","828"
"Population Estimates (Persons in April)","2000","0 - 14 years","Male","Thousand","425.2"
"Population Estimates (Persons in April)","2000","0 - 14 years","Female","Thousand","402.9"
"Population Estimates (Persons in April)","2000","1 - 4 years","Both sexes","Thousand","212.5"
"Population Estimates (Persons in April)","2000","1 - 4 years","Male","Thousand","109.6"
"Population Estimates (Persons in April)","2000","1 - 4 years","Female","Thousand","102.9"
"Population Estimates (Persons in April)","2000","5 - 9 years","Both sexes","Thousand","266.7"
"Population Estimates (Persons in April)","2000","5 - 9 years","Male","Thousand","136.6"
"Population Estimates (Persons in April)","2000","5 - 9 years","Female","Thousand","130.1"
"Population Estimates (Persons in April)","2000","10 - 14 years","Both sexes","Thousand","295.1"
"Population Estimates (Persons in April)","2000","10 - 14 years","Male","Thousand","151.3"
"Population Estimates (Persons in April)","2000","10 - 14 years","Female","Thousand","143.8"
"Population Estimates (Persons in April)","2000","15 - 19 years","Both sexes","Thousand","329.4"
"Population Estimates (Persons in April)","2000","15 - 19 years","Male","Thousand","168.9"
"Population Estimates (Persons in April)","2000","15 - 19 years","Female","Thousand","160.5"
"Population Estimates (Persons in April)","2000","15 - 24 years","Both sexes","Thousand","641.2"
"Population Estimates (Persons in April)","2000","15 - 24 years","Male","Thousand","326.3"
"Population Estimates (Persons in April)","2000","15 - 24 years","Female","Thousand","315"
"Population Estimates (Persons in April)","2000","15 years and over","Both sexes","Thousand","2961.5"
"Population Estimates (Persons in April)","2000","15 years and over","Male","Thousand","1457.8"
"Population Estimates (Persons in April)","2000","15 years and over","Female","Thousand","1503.7"
"Population Estimates (Persons in April)","2000","20 - 24 years","Both sexes","Thousand","311.9"
"Population Estimates (Persons in April)","2000","20 - 24 years","Male","Thousand","157.4"
"Population Estimates (Persons in April)","2000","20 - 24 years","Female","Thousand","154.5"
"Population Estimates (Persons in April)","2000","25 - 29 years","Both sexes","Thousand","289.4"
"Population Estimates (Persons in April)","2000","25 - 29 years","Male","Thousand","146"
"Population Estimates (Persons in April)","2000","25 - 29 years","Female","Thousand","143.3"
"Population Estimates (Persons in April)","2000","25 - 44 years","Both sexes","Thousand","1107.6"
"Population Estimates (Persons in April)","2000","25 - 44 years","Male","Thousand","551.4"
"Population Estimates (Persons in April)","2000","25 - 44 years","Female","Thousand","556.2"
"Population Estimates (Persons in April)","2000","30 - 34 years","Both sexes","Thousand","277.5"
"Population Estimates (Persons in April)","2000","30 - 34 years","Male","Thousand","137.5"
"Population Estimates (Persons in April)","2000","30 - 34 years","Female","Thousand","140"
"Population Estimates (Persons in April)","2000","35 - 39 years","Both sexes","Thousand","280.2"
"Population Estimates (Persons in April)","2000","35 - 39 years","Male","Thousand","138.2"
"Population Estimates (Persons in April)","2000","35 - 39 years","Female","Thousand","142"
"Population Estimates (Persons in April)","2000","40 - 44 years","Both sexes","Thousand","260.5"
"Population Estimates (Persons in April)","2000","40 - 44 years","Male","Thousand","129.7"
"Population Estimates (Persons in April)","2000","40 - 44 years","Female","Thousand","130.8"
"Population Estimates (Persons in April)","2000","45 - 49 years","Both sexes","Thousand","239.1"
"Population Estimates (Persons in April)","2000","45 - 49 years","Male","Thousand","119.8"
"Population Estimates (Persons in April)","2000","45 - 49 years","Female","Thousand","119.3"
"Population Estimates (Persons in April)","2000","45 - 64 years","Both sexes","Thousand","788"
"Population Estimates (Persons in April)","2000","45 - 64 years","Male","Thousand","396.9"
"Population Estimates (Persons in April)","2000","45 - 64 years","Female","Thousand","391.1"
"Population Estimates (Persons in April)","2000","50 - 54 years","Both sexes","Thousand","225"
"Population Estimates (Persons in April)","2000","50 - 54 years","Male","Thousand","114.1"
"Population Estimates (Persons in April)","2000","50 - 54 years","Female","Thousand","110.8"
"Population Estimates (Persons in April)","2000","55 - 59 years","Both sexes","Thousand","174.3"
"Population Estimates (Persons in April)","2000","55 - 59 years","Male","Thousand","88.2"
"Population Estimates (Persons in April)","2000","55 - 59 years","Female","Thousand","86.1"
"Population Estimates (Persons in April)","2000","60 - 64 years","Both sexes","Thousand","149.7"
"Population Estimates (Persons in April)","2000","60 - 64 years","Male","Thousand","74.8"
"Population Estimates (Persons in April)","2000","60 - 64 years","Female","Thousand","74.9"
"Population Estimates (Persons in April)","2000","65 - 69 years","Both sexes","Thousand","129.3"
"Population Estimates (Persons in April)","2000","65 - 69 years","Male","Thousand","63.3"
"Population Estimates (Persons in April)","2000","65 - 69 years","Female","Thousand","66"
"Population Estimates (Persons in April)","2000","65 years and over","Both sexes","Thousand","424.7"
"Population Estimates (Persons in April)","2000","65 years and over","Male","Thousand","183.2"
"Population Estimates (Persons in April)","2000","65 years and over","Female","Thousand","241.5"
"Population Estimates (Persons in April)","2000","70 - 74 years","Both sexes","Thousand","111.3"
"Population Estimates (Persons in April)","2000","70 - 74 years","Male","Thousand","50.3"
"Population Estimates (Persons in April)","2000","70 - 74 years","Female","Thousand","61.1"
"Population Estimates (Persons in April)","2000","75 - 79 years","Both sexes","Thousand","88.9"
"Population Estimates (Persons in April)","2000","75 - 79 years","Male","Thousand","36.9"
"Population Estimates (Persons in April)","2000","75 - 79 years","Female","Thousand","52"
"Population Estimates (Persons in April)","2000","80 - 84 years","Both sexes","Thousand","55.8"
"Population Estimates (Persons in April)","2000","80 - 84 years","Male","Thousand","21"
"Population Estimates (Persons in April)","2000","80 - 84 years","Female","Thousand","34.8"
"Population Estimates (Persons in April)","2000","85 years and over","Both sexes","Thousand","39.4"
"Population Estimates (Persons in April)","2000","85 years and over","Male","Thousand","11.8"
"Population Estimates (Persons in April)","2000","85 years and over","Female","Thousand","27.6"
"Population Estimates (Persons in April)","2000","All ages","Both sexes","Thousand","3789.5"
"Population Estimates (Persons in April)","2000","All ages","Male","Thousand","1882.9"
"Population Estimates (Persons in April)","2000","All ages","Female","Thousand","1906.6"
"Population Estimates (Persons in April)","2001","Under 1 year","Both sexes","Thousand","55.1"
"Population Estimates (Persons in April)","2001","Under 1 year","Male","Thousand","28.4"
"Population Estimates (Persons in April)","2001","Under 1 year","Female","Thousand","26.7"
"Population Estimates (Persons in April)","2001","0 - 4 years","Both sexes","Thousand","273.2"
"Population Estimates (Persons in April)","2001","0 - 4 years","Male","Thousand","140.4"
"Population Estimates (Persons in April)","2001","0 - 4 years","Female","Thousand","133"
"Population Estimates (Persons in April)","2001","0 - 14 years","Both sexes","Thousand","827.5"
"Population Estimates (Persons in April)","2001","0 - 14 years","Male","Thousand","424.9"
"Population Estimates (Persons in April)","2001","0 - 14 years","Female","Thousand","402.6"
"Population Estimates (Persons in April)","2001","1 - 4 years","Both sexes","Thousand","218.1"
"Population Estimates (Persons in April)","2001","1 - 4 years","Male","Thousand","112"
"Population Estimates (Persons in April)","2001","1 - 4 years","Female","Thousand","106.1"
"Population Estimates (Persons in April)","2001","5 - 9 years","Both sexes","Thousand","263.7"
"Population Estimates (Persons in April)","2001","5 - 9 years","Male","Thousand","135.5"
"Population Estimates (Persons in April)","2001","5 - 9 years","Female","Thousand","128.2"
"Population Estimates (Persons in April)","2001","10 - 14 years","Both sexes","Thousand","290.6"
"Population Estimates (Persons in April)","2001","10 - 14 years","Male","Thousand","149"
"Population Estimates (Persons in April)","2001","10 - 14 years","Female","Thousand","141.6"
"Population Estimates (Persons in April)","2001","15 - 19 years","Both sexes","Thousand","320.4"
"Population Estimates (Persons in April)","2001","15 - 19 years","Male","Thousand","164.3"
"Population Estimates (Persons in April)","2001","15 - 19 years","Female","Thousand","156.2"
"Population Estimates (Persons in April)","2001","15 - 24 years","Both sexes","Thousand","638"
"Population Estimates (Persons in April)","2001","15 - 24 years","Male","Thousand","324.8"
"Population Estimates (Persons in April)","2001","15 - 24 years","Female","Thousand","313.2"
"Population Estimates (Persons in April)","2001","15 years and over","Both sexes","Thousand","3019.7"
"Population Estimates (Persons in April)","2001","15 years and over","Male","Thousand","1488.2"
"Population Estimates (Persons in April)","2001","15 years and over","Female","Thousand","1531.5"
"Population Estimates (Persons in April)","2001","20 - 24 years","Both sexes","Thousand","317.6"
"Population Estimates (Persons in April)","2001","20 - 24 years","Male","Thousand","160.5"
"Population Estimates (Persons in April)","2001","20 - 24 years","Female","Thousand","157.1"
"Population Estimates (Persons in April)","2001","25 - 29 years","Both sexes","Thousand","300.8"
"Population Estimates (Persons in April)","2001","25 - 29 years","Male","Thousand","151.2"
"Population Estimates (Persons in April)","2001","25 - 29 years","Female","Thousand","149.7"
"Population Estimates (Persons in April)","2001","25 - 44 years","Both sexes","Thousand","1142.1"
"Population Estimates (Persons in April)","2001","25 - 44 years","Male","Thousand","569.5"
"Population Estimates (Persons in April)","2001","25 - 44 years","Female","Thousand","572.6"
"Population Estimates (Persons in April)","2001","30 - 34 years","Both sexes","Thousand","288.6"
"Population Estimates (Persons in April)","2001","30 - 34 years","Male","Thousand","144.2"
"Population Estimates (Persons in April)","2001","30 - 34 years","Female","Thousand","144.4"
"Population Estimates (Persons in April)","2001","35 - 39 years","Both sexes","Thousand","285.1"
"Population Estimates (Persons in April)","2001","35 - 39 years","Male","Thousand","141.2"
"Population Estimates (Persons in April)","2001","35 - 39 years","Female","Thousand","143.9"
"Population Estimates (Persons in April)","2001","40 - 44 years","Both sexes","Thousand","267.6"
"Population Estimates (Persons in April)","2001","40 - 44 years","Male","Thousand","133"
"Population Estimates (Persons in April)","2001","40 - 44 years","Female","Thousand","134.6"
"Population Estimates (Persons in April)","2001","45 - 49 years","Both sexes","Thousand","243.9"
"Population Estimates (Persons in April)","2001","45 - 49 years","Male","Thousand","122.4"
"Population Estimates (Persons in April)","2001","45 - 49 years","Female","Thousand","121.5"
"Population Estimates (Persons in April)","2001","45 - 64 years","Both sexes","Thousand","809.7"
"Population Estimates (Persons in April)","2001","45 - 64 years","Male","Thousand","407.8"
"Population Estimates (Persons in April)","2001","45 - 64 years","Female","Thousand","401.9"
"Population Estimates (Persons in April)","2001","50 - 54 years","Both sexes","Thousand","228.2"
"Population Estimates (Persons in April)","2001","50 - 54 years","Male","Thousand","115.5"
"Population Estimates (Persons in April)","2001","50 - 54 years","Female","Thousand","112.7"
"Population Estimates (Persons in April)","2001","55 - 59 years","Both sexes","Thousand","185.8"
"Population Estimates (Persons in April)","2001","55 - 59 years","Male","Thousand","94"
"Population Estimates (Persons in April)","2001","55 - 59 years","Female","Thousand","91.8"
"Population Estimates (Persons in April)","2001","60 - 64 years","Both sexes","Thousand","151.7"
"Population Estimates (Persons in April)","2001","60 - 64 years","Male","Thousand","75.9"
"Population Estimates (Persons in April)","2001","60 - 64 years","Female","Thousand","75.8"
"Population Estimates (Persons in April)","2001","65 - 69 years","Both sexes","Thousand","130.8"
"Population Estimates (Persons in April)","2001","65 - 69 years","Male","Thousand","64"
"Population Estimates (Persons in April)","2001","65 - 69 years","Female","Thousand","66.8"
"Population Estimates (Persons in April)","2001","65 years and over","Both sexes","Thousand","429.8"
"Population Estimates (Persons in April)","2001","65 years and over","Male","Thousand","186"
"Population Estimates (Persons in April)","2001","65 years and over","Female","Thousand","243.8"
"Population Estimates (Persons in April)","2001","70 - 74 years","Both sexes","Thousand","111.8"
"Population Estimates (Persons in April)","2001","70 - 74 years","Male","Thousand","51.1"
"Population Estimates (Persons in April)","2001","70 - 74 years","Female","Thousand","60.8"
"Population Estimates (Persons in April)","2001","75 - 79 years","Both sexes","Thousand","89.2"
"Population Estimates (Persons in April)","2001","75 - 79 years","Male","Thousand","37.1"
"Population Estimates (Persons in April)","2001","75 - 79 years","Female","Thousand","52.1"
"Population Estimates (Persons in April)","2001","80 - 84 years","Both sexes","Thousand","57.6"
"Population Estimates (Persons in April)","2001","80 - 84 years","Male","Thousand","21.7"
"Population Estimates (Persons in April)","2001","80 - 84 years","Female","Thousand","35.9"
"Population Estimates (Persons in April)","2001","85 years and over","Both sexes","Thousand","40.4"
"Population Estimates (Persons in April)","2001","85 years and over","Male","Thousand","12.2"
"Population Estimates (Persons in April)","2001","85 years and over","Female","Thousand","28.2"
"Population Estimates (Persons in April)","2001","All ages","Both sexes","Thousand","3847.2"
"Population Estimates (Persons in April)","2001","All ages","Male","Thousand","1913.1"
"Population Estimates (Persons in April)","2001","All ages","Female","Thousand","1934.1"
"Population Estimates (Persons in April)","2002","Under 1 year","Both sexes","Thousand","54.5"
"Population Estimates (Persons in April)","2002","Under 1 year","Male","Thousand","27.8"
"Population Estimates (Persons in April)","2002","Under 1 year","Female","Thousand","26.7"
"Population Estimates (Persons in April)","2002","0 - 4 years","Both sexes","Thousand","277.6"
"Population Estimates (Persons in April)","2002","0 - 4 years","Male","Thousand","142"
"Population Estimates (Persons in April)","2002","0 - 4 years","Female","Thousand","135.6"
"Population Estimates (Persons in April)","2002","0 - 14 years","Both sexes","Thousand","827.4"
"Population Estimates (Persons in April)","2002","0 - 14 years","Male","Thousand","424"
"Population Estimates (Persons in April)","2002","0 - 14 years","Female","Thousand","403.4"
"Population Estimates (Persons in April)","2002","1 - 4 years","Both sexes","Thousand","223.1"
"Population Estimates (Persons in April)","2002","1 - 4 years","Male","Thousand","114.2"
"Population Estimates (Persons in April)","2002","1 - 4 years","Female","Thousand","108.9"
"Population Estimates (Persons in April)","2002","5 - 9 years","Both sexes","Thousand","264.1"
"Population Estimates (Persons in April)","2002","5 - 9 years","Male","Thousand","135.9"
"Population Estimates (Persons in April)","2002","5 - 9 years","Female","Thousand","128.2"
"Population Estimates (Persons in April)","2002","10 - 14 years","Both sexes","Thousand","285.7"
"Population Estimates (Persons in April)","2002","10 - 14 years","Male","Thousand","146.1"
"Population Estimates (Persons in April)","2002","10 - 14 years","Female","Thousand","139.6"
"Population Estimates (Persons in April)","2002","15 - 19 years","Both sexes","Thousand","313.2"
"Population Estimates (Persons in April)","2002","15 - 19 years","Male","Thousand","160.4"
"Population Estimates (Persons in April)","2002","15 - 19 years","Female","Thousand","152.8"
"Population Estimates (Persons in April)","2002","15 - 24 years","Both sexes","Thousand","641.5"
"Population Estimates (Persons in April)","2002","15 - 24 years","Male","Thousand","325.7"
"Population Estimates (Persons in April)","2002","15 - 24 years","Female","Thousand","315.8"
"Population Estimates (Persons in April)","2002","15 years and over","Both sexes","Thousand","3089.8"
"Population Estimates (Persons in April)","2002","15 years and over","Male","Thousand","1522.2"
"Population Estimates (Persons in April)","2002","15 years and over","Female","Thousand","1567.7"
"Population Estimates (Persons in April)","2002","20 - 24 years","Both sexes","Thousand","328.3"
"Population Estimates (Persons in April)","2002","20 - 24 years","Male","Thousand","165.3"
"Population Estimates (Persons in April)","2002","20 - 24 years","Female","Thousand","163"
"Population Estimates (Persons in April)","2002","25 - 29 years","Both sexes","Thousand","312.7"
"Population Estimates (Persons in April)","2002","25 - 29 years","Male","Thousand","156.1"
"Population Estimates (Persons in April)","2002","25 - 29 years","Female","Thousand","156.6"
"Population Estimates (Persons in April)","2002","25 - 44 years","Both sexes","Thousand","1180.3"
"Population Estimates (Persons in April)","2002","25 - 44 years","Male","Thousand","588.3"
"Population Estimates (Persons in April)","2002","25 - 44 years","Female","Thousand","592"
"Population Estimates (Persons in April)","2002","30 - 34 years","Both sexes","Thousand","304.7"
"Population Estimates (Persons in April)","2002","30 - 34 years","Male","Thousand","152.4"
"Population Estimates (Persons in April)","2002","30 - 34 years","Female","Thousand","152.3"
"Population Estimates (Persons in April)","2002","35 - 39 years","Both sexes","Thousand","290.9"
"Population Estimates (Persons in April)","2002","35 - 39 years","Male","Thousand","144.5"
"Population Estimates (Persons in April)","2002","35 - 39 years","Female","Thousand","146.4"
"Population Estimates (Persons in April)","2002","40 - 44 years","Both sexes","Thousand","272"
"Population Estimates (Persons in April)","2002","40 - 44 years","Male","Thousand","135.3"
"Population Estimates (Persons in April)","2002","40 - 44 years","Female","Thousand","136.7"
"Population Estimates (Persons in April)","2002","45 - 49 years","Both sexes","Thousand","249.6"
"Population Estimates (Persons in April)","2002","45 - 49 years","Male","Thousand","125"
"Population Estimates (Persons in April)","2002","45 - 49 years","Female","Thousand","124.6"
"Population Estimates (Persons in April)","2002","45 - 64 years","Both sexes","Thousand","832"
"Population Estimates (Persons in April)","2002","45 - 64 years","Male","Thousand","419"
"Population Estimates (Persons in April)","2002","45 - 64 years","Female","Thousand","413.1"
"Population Estimates (Persons in April)","2002","50 - 54 years","Both sexes","Thousand","230.8"
"Population Estimates (Persons in April)","2002","50 - 54 years","Male","Thousand","116.6"
"Population Estimates (Persons in April)","2002","50 - 54 years","Female","Thousand","114.3"
"Population Estimates (Persons in April)","2002","55 - 59 years","Both sexes","Thousand","197.3"
"Population Estimates (Persons in April)","2002","55 - 59 years","Male","Thousand","99.8"
"Population Estimates (Persons in April)","2002","55 - 59 years","Female","Thousand","97.5"
"Population Estimates (Persons in April)","2002","60 - 64 years","Both sexes","Thousand","154.3"
"Population Estimates (Persons in April)","2002","60 - 64 years","Male","Thousand","77.6"
"Population Estimates (Persons in April)","2002","60 - 64 years","Female","Thousand","76.7"
"Population Estimates (Persons in April)","2002","65 - 69 years","Both sexes","Thousand","133.5"
"Population Estimates (Persons in April)","2002","65 - 69 years","Male","Thousand","65.3"
"Population Estimates (Persons in April)","2002","65 - 69 years","Female","Thousand","68.2"
"Population Estimates (Persons in April)","2002","65 years and over","Both sexes","Thousand","436"
"Population Estimates (Persons in April)","2002","65 years and over","Male","Thousand","189.2"
"Population Estimates (Persons in April)","2002","65 years and over","Female","Thousand","246.8"
"Population Estimates (Persons in April)","2002","70 - 74 years","Both sexes","Thousand","112.1"
"Population Estimates (Persons in April)","2002","70 - 74 years","Male","Thousand","51.7"
"Population Estimates (Persons in April)","2002","70 - 74 years","Female","Thousand","60.4"
"Population Estimates (Persons in April)","2002","75 - 79 years","Both sexes","Thousand","89.8"
"Population Estimates (Persons in April)","2002","75 - 79 years","Male","Thousand","37.4"
"Population Estimates (Persons in April)","2002","75 - 79 years","Female","Thousand","52.4"
"Population Estimates (Persons in April)","2002","80 - 84 years","Both sexes","Thousand","58.9"
"Population Estimates (Persons in April)","2002","80 - 84 years","Male","Thousand","22.3"
"Population Estimates (Persons in April)","2002","80 - 84 years","Female","Thousand","36.6"
"Population Estimates (Persons in April)","2002","85 years and over","Both sexes","Thousand","41.7"
"Population Estimates (Persons in April)","2002","85 years and over","Male","Thousand","12.5"
"Population Estimates (Persons in April)","2002","85 years and over","Female","Thousand","29.2"
"Population Estimates (Persons in April)","2002","All ages","Both sexes","Thousand","3917.2"
"Population Estimates (Persons in April)","2002","All ages","Male","Thousand","1946.2"
"Population Estimates (Persons in April)","2002","All ages","Female","Thousand","1971"
"Population Estimates (Persons in April)","2003","Under 1 year","Both sexes","Thousand","60.4"
"Population Estimates (Persons in April)","2003","Under 1 year","Male","Thousand","31"
"Population Estimates (Persons in April)","2003","Under 1 year","Female","Thousand","29.4"
"Population Estimates (Persons in April)","2003","0 - 4 years","Both sexes","Thousand","284.3"
"Population Estimates (Persons in April)","2003","0 - 4 years","Male","Thousand","145.4"
"Population Estimates (Persons in April)","2003","0 - 4 years","Female","Thousand","138.9"
"Population Estimates (Persons in April)","2003","0 - 14 years","Both sexes","Thousand","834.7"
"Population Estimates (Persons in April)","2003","0 - 14 years","Male","Thousand","427.6"
"Population Estimates (Persons in April)","2003","0 - 14 years","Female","Thousand","407.1"
"Population Estimates (Persons in April)","2003","1 - 4 years","Both sexes","Thousand","223.9"
"Population Estimates (Persons in April)","2003","1 - 4 years","Male","Thousand","114.4"
"Population Estimates (Persons in April)","2003","1 - 4 years","Female","Thousand","109.5"
"Population Estimates (Persons in April)","2003","5 - 9 years","Both sexes","Thousand","268.7"
"Population Estimates (Persons in April)","2003","5 - 9 years","Male","Thousand","137.8"
"Population Estimates (Persons in April)","2003","5 - 9 years","Female","Thousand","130.9"
"Population Estimates (Persons in April)","2003","10 - 14 years","Both sexes","Thousand","281.7"
"Population Estimates (Persons in April)","2003","10 - 14 years","Male","Thousand","144.4"
"Population Estimates (Persons in April)","2003","10 - 14 years","Female","Thousand","137.3"
"Population Estimates (Persons in April)","2003","15 - 19 years","Both sexes","Thousand","304.7"
"Population Estimates (Persons in April)","2003","15 - 19 years","Male","Thousand","155.9"
"Population Estimates (Persons in April)","2003","15 - 19 years","Female","Thousand","148.8"
"Population Estimates (Persons in April)","2003","15 - 24 years","Both sexes","Thousand","638.7"
"Population Estimates (Persons in April)","2003","15 - 24 years","Male","Thousand","322.9"
"Population Estimates (Persons in April)","2003","15 - 24 years","Female","Thousand","315.8"
"Population Estimates (Persons in April)","2003","15 years and over","Both sexes","Thousand","3145.2"
"Population Estimates (Persons in April)","2003","15 years and over","Male","Thousand","1549.3"
"Population Estimates (Persons in April)","2003","15 years and over","Female","Thousand","1596"
"Population Estimates (Persons in April)","2003","20 - 24 years","Both sexes","Thousand","334"
"Population Estimates (Persons in April)","2003","20 - 24 years","Male","Thousand","167"
"Population Estimates (Persons in April)","2003","20 - 24 years","Female","Thousand","167"
"Population Estimates (Persons in April)","2003","25 - 29 years","Both sexes","Thousand","317.4"
"Population Estimates (Persons in April)","2003","25 - 29 years","Male","Thousand","158.6"
"Population Estimates (Persons in April)","2003","25 - 29 years","Female","Thousand","158.8"
"Population Estimates (Persons in April)","2003","25 - 44 years","Both sexes","Thousand","1209.1"
"Population Estimates (Persons in April)","2003","25 - 44 years","Male","Thousand","603.1"
"Population Estimates (Persons in April)","2003","25 - 44 years","Female","Thousand","606"
"Population Estimates (Persons in April)","2003","30 - 34 years","Both sexes","Thousand","316.1"
"Population Estimates (Persons in April)","2003","30 - 34 years","Male","Thousand","158.2"
"Population Estimates (Persons in April)","2003","30 - 34 years","Female","Thousand","157.9"
"Population Estimates (Persons in April)","2003","35 - 39 years","Both sexes","Thousand","296.4"
"Population Estimates (Persons in April)","2003","35 - 39 years","Male","Thousand","147.4"
"Population Estimates (Persons in April)","2003","35 - 39 years","Female","Thousand","149"
"Population Estimates (Persons in April)","2003","40 - 44 years","Both sexes","Thousand","279.2"
"Population Estimates (Persons in April)","2003","40 - 44 years","Male","Thousand","138.9"
"Population Estimates (Persons in April)","2003","40 - 44 years","Female","Thousand","140.3"
"Population Estimates (Persons in April)","2003","45 - 49 years","Both sexes","Thousand","253.7"
"Population Estimates (Persons in April)","2003","45 - 49 years","Male","Thousand","126.9"
"Population Estimates (Persons in April)","2003","45 - 49 years","Female","Thousand","126.8"
"Population Estimates (Persons in April)","2003","45 - 64 years","Both sexes","Thousand","855.5"
"Population Estimates (Persons in April)","2003","45 - 64 years","Male","Thousand","430.9"
"Population Estimates (Persons in April)","2003","45 - 64 years","Female","Thousand","424.6"
"Population Estimates (Persons in April)","2003","50 - 54 years","Both sexes","Thousand","235.1"
"Population Estimates (Persons in April)","2003","50 - 54 years","Male","Thousand","118.5"
"Population Estimates (Persons in April)","2003","50 - 54 years","Female","Thousand","116.6"
"Population Estimates (Persons in April)","2003","55 - 59 years","Both sexes","Thousand","206.6"
"Population Estimates (Persons in April)","2003","55 - 59 years","Male","Thousand","104.9"
"Population Estimates (Persons in April)","2003","55 - 59 years","Female","Thousand","101.6"
"Population Estimates (Persons in April)","2003","60 - 64 years","Both sexes","Thousand","160.3"
"Population Estimates (Persons in April)","2003","60 - 64 years","Male","Thousand","80.7"
"Population Estimates (Persons in April)","2003","60 - 64 years","Female","Thousand","79.6"
"Population Estimates (Persons in April)","2003","65 - 69 years","Both sexes","Thousand","135"
"Population Estimates (Persons in April)","2003","65 - 69 years","Male","Thousand","66"
"Population Estimates (Persons in April)","2003","65 - 69 years","Female","Thousand","69"
"Population Estimates (Persons in April)","2003","65 years and over","Both sexes","Thousand","441.9"
"Population Estimates (Persons in April)","2003","65 years and over","Male","Thousand","192.4"
"Population Estimates (Persons in April)","2003","65 years and over","Female","Thousand","249.6"
"Population Estimates (Persons in April)","2003","70 - 74 years","Both sexes","Thousand","113.8"
"Population Estimates (Persons in April)","2003","70 - 74 years","Male","Thousand","53.2"
"Population Estimates (Persons in April)","2003","70 - 74 years","Female","Thousand","60.6"
"Population Estimates (Persons in April)","2003","75 - 79 years","Both sexes","Thousand","89.5"
"Population Estimates (Persons in April)","2003","75 - 79 years","Male","Thousand","37.3"
"Population Estimates (Persons in April)","2003","75 - 79 years","Female","Thousand","52.3"
"Population Estimates (Persons in April)","2003","80 - 84 years","Both sexes","Thousand","61.7"
"Population Estimates (Persons in April)","2003","80 - 84 years","Male","Thousand","23.4"
"Population Estimates (Persons in April)","2003","80 - 84 years","Female","Thousand","38.3"
"Population Estimates (Persons in April)","2003","85 years and over","Both sexes","Thousand","41.9"
"Population Estimates (Persons in April)","2003","85 years and over","Male","Thousand","12.6"
"Population Estimates (Persons in April)","2003","85 years and over","Female","Thousand","29.3"
"Population Estimates (Persons in April)","2003","All ages","Both sexes","Thousand","3979.9"
"Population Estimates (Persons in April)","2003","All ages","Male","Thousand","1976.9"
"Population Estimates (Persons in April)","2003","All ages","Female","Thousand","2002.9"
"Population Estimates (Persons in April)","2004","Under 1 year","Both sexes","Thousand","61.6"
"Population Estimates (Persons in April)","2004","Under 1 year","Male","Thousand","31.5"
"Population Estimates (Persons in April)","2004","Under 1 year","Female","Thousand","30.1"
"Population Estimates (Persons in April)","2004","0 - 4 years","Both sexes","Thousand","290.7"
"Population Estimates (Persons in April)","2004","0 - 4 years","Male","Thousand","148.7"
"Population Estimates (Persons in April)","2004","0 - 4 years","Female","Thousand","142"
"Population Estimates (Persons in April)","2004","0 - 14 years","Both sexes","Thousand","843.8"
"Population Estimates (Persons in April)","2004","0 - 14 years","Male","Thousand","432.7"
"Population Estimates (Persons in April)","2004","0 - 14 years","Female","Thousand","411.2"
"Population Estimates (Persons in April)","2004","1 - 4 years","Both sexes","Thousand","229.1"
"Population Estimates (Persons in April)","2004","1 - 4 years","Male","Thousand","117.2"
"Population Estimates (Persons in April)","2004","1 - 4 years","Female","Thousand","111.9"
"Population Estimates (Persons in April)","2004","5 - 9 years","Both sexes","Thousand","274.9"
"Population Estimates (Persons in April)","2004","5 - 9 years","Male","Thousand","141.2"
"Population Estimates (Persons in April)","2004","5 - 9 years","Female","Thousand","133.8"
"Population Estimates (Persons in April)","2004","10 - 14 years","Both sexes","Thousand","278.2"
"Population Estimates (Persons in April)","2004","10 - 14 years","Male","Thousand","142.8"
"Population Estimates (Persons in April)","2004","10 - 14 years","Female","Thousand","135.4"
"Population Estimates (Persons in April)","2004","15 - 19 years","Both sexes","Thousand","298.4"
"Population Estimates (Persons in April)","2004","15 - 19 years","Male","Thousand","152.7"
"Population Estimates (Persons in April)","2004","15 - 19 years","Female","Thousand","145.7"
"Population Estimates (Persons in April)","2004","15 - 24 years","Both sexes","Thousand","634.5"
"Population Estimates (Persons in April)","2004","15 - 24 years","Male","Thousand","320.9"
"Population Estimates (Persons in April)","2004","15 - 24 years","Female","Thousand","313.6"
"Population Estimates (Persons in April)","2004","15 years and over","Both sexes","Thousand","3201.4"
"Population Estimates (Persons in April)","2004","15 years and over","Male","Thousand","1579.3"
"Population Estimates (Persons in April)","2004","15 years and over","Female","Thousand","1622.1"
"Population Estimates (Persons in April)","2004","20 - 24 years","Both sexes","Thousand","336.1"
"Population Estimates (Persons in April)","2004","20 - 24 years","Male","Thousand","168.2"
"Population Estimates (Persons in April)","2004","20 - 24 years","Female","Thousand","167.9"
"Population Estimates (Persons in April)","2004","25 - 29 years","Both sexes","Thousand","325.4"
"Population Estimates (Persons in April)","2004","25 - 29 years","Male","Thousand","162.9"
"Population Estimates (Persons in April)","2004","25 - 29 years","Female","Thousand","162.5"
"Population Estimates (Persons in April)","2004","25 - 44 years","Both sexes","Thousand","1240"
"Population Estimates (Persons in April)","2004","25 - 44 years","Male","Thousand","619.6"
"Population Estimates (Persons in April)","2004","25 - 44 years","Female","Thousand","620.5"
"Population Estimates (Persons in April)","2004","30 - 34 years","Both sexes","Thousand","325.1"
"Population Estimates (Persons in April)","2004","30 - 34 years","Male","Thousand","161.8"
"Population Estimates (Persons in April)","2004","30 - 34 years","Female","Thousand","163.4"
"Population Estimates (Persons in April)","2004","35 - 39 years","Both sexes","Thousand","303.5"
"Population Estimates (Persons in April)","2004","35 - 39 years","Male","Thousand","152.4"
"Population Estimates (Persons in April)","2004","35 - 39 years","Female","Thousand","151.1"
"Population Estimates (Persons in April)","2004","40 - 44 years","Both sexes","Thousand","286"
"Population Estimates (Persons in April)","2004","40 - 44 years","Male","Thousand","142.5"
"Population Estimates (Persons in April)","2004","40 - 44 years","Female","Thousand","143.5"
"Population Estimates (Persons in April)","2004","45 - 49 years","Both sexes","Thousand","259.2"
"Population Estimates (Persons in April)","2004","45 - 49 years","Male","Thousand","129.7"
"Population Estimates (Persons in April)","2004","45 - 49 years","Female","Thousand","129.6"
"Population Estimates (Persons in April)","2004","45 - 64 years","Both sexes","Thousand","877.2"
"Population Estimates (Persons in April)","2004","45 - 64 years","Male","Thousand","442"
"Population Estimates (Persons in April)","2004","45 - 64 years","Female","Thousand","435.2"
"Population Estimates (Persons in April)","2004","50 - 54 years","Both sexes","Thousand","238.1"
"Population Estimates (Persons in April)","2004","50 - 54 years","Male","Thousand","120.1"
"Population Estimates (Persons in April)","2004","50 - 54 years","Female","Thousand","118"
"Population Estimates (Persons in April)","2004","55 - 59 years","Both sexes","Thousand","213.9"
"Population Estimates (Persons in April)","2004","55 - 59 years","Male","Thousand","108.5"
"Population Estimates (Persons in April)","2004","55 - 59 years","Female","Thousand","105.4"
"Population Estimates (Persons in April)","2004","60 - 64 years","Both sexes","Thousand","166"
"Population Estimates (Persons in April)","2004","60 - 64 years","Male","Thousand","83.8"
"Population Estimates (Persons in April)","2004","60 - 64 years","Female","Thousand","82.2"
"Population Estimates (Persons in April)","2004","65 - 69 years","Both sexes","Thousand","137.5"
"Population Estimates (Persons in April)","2004","65 - 69 years","Male","Thousand","67.3"
"Population Estimates (Persons in April)","2004","65 - 69 years","Female","Thousand","70.2"
"Population Estimates (Persons in April)","2004","65 years and over","Both sexes","Thousand","449.7"
"Population Estimates (Persons in April)","2004","65 years and over","Male","Thousand","196.8"
"Population Estimates (Persons in April)","2004","65 years and over","Female","Thousand","252.9"
"Population Estimates (Persons in April)","2004","70 - 74 years","Both sexes","Thousand","115.7"
"Population Estimates (Persons in April)","2004","70 - 74 years","Male","Thousand","54.6"
"Population Estimates (Persons in April)","2004","70 - 74 years","Female","Thousand","61.1"
"Population Estimates (Persons in April)","2004","75 - 79 years","Both sexes","Thousand","90"
"Population Estimates (Persons in April)","2004","75 - 79 years","Male","Thousand","37.8"
"Population Estimates (Persons in April)","2004","75 - 79 years","Female","Thousand","52.2"
"Population Estimates (Persons in April)","2004","80 - 84 years","Both sexes","Thousand","63.1"
"Population Estimates (Persons in April)","2004","80 - 84 years","Male","Thousand","23.9"
"Population Estimates (Persons in April)","2004","80 - 84 years","Female","Thousand","39.2"
"Population Estimates (Persons in April)","2004","85 years and over","Both sexes","Thousand","43.4"
"Population Estimates (Persons in April)","2004","85 years and over","Male","Thousand","13.2"
"Population Estimates (Persons in April)","2004","85 years and over","Female","Thousand","30.2"
"Population Estimates (Persons in April)","2004","All ages","Both sexes","Thousand","4045.2"
"Population Estimates (Persons in April)","2004","All ages","Male","Thousand","2011.9"
"Population Estimates (Persons in April)","2004","All ages","Female","Thousand","2033.3"
"Population Estimates (Persons in April)","2005","Under 1 year","Both sexes","Thousand","61"
"Population Estimates (Persons in April)","2005","Under 1 year","Male","Thousand","31.5"
"Population Estimates (Persons in April)","2005","Under 1 year","Female","Thousand","29.6"
"Population Estimates (Persons in April)","2005","0 - 4 years","Both sexes","Thousand","296.5"
"Population Estimates (Persons in April)","2005","0 - 4 years","Male","Thousand","151.7"
"Population Estimates (Persons in April)","2005","0 - 4 years","Female","Thousand","144.9"
"Population Estimates (Persons in April)","2005","0 - 14 years","Both sexes","Thousand","853.5"
"Population Estimates (Persons in April)","2005","0 - 14 years","Male","Thousand","438"
"Population Estimates (Persons in April)","2005","0 - 14 years","Female","Thousand","415.6"
"Population Estimates (Persons in April)","2005","1 - 4 years","Both sexes","Thousand","235.5"
"Population Estimates (Persons in April)","2005","1 - 4 years","Male","Thousand","120.2"
"Population Estimates (Persons in April)","2005","1 - 4 years","Female","Thousand","115.3"
"Population Estimates (Persons in April)","2005","5 - 9 years","Both sexes","Thousand","280.6"
"Population Estimates (Persons in April)","2005","5 - 9 years","Male","Thousand","144.3"
"Population Estimates (Persons in April)","2005","5 - 9 years","Female","Thousand","136.3"
"Population Estimates (Persons in April)","2005","10 - 14 years","Both sexes","Thousand","276.3"
"Population Estimates (Persons in April)","2005","10 - 14 years","Male","Thousand","142"
"Population Estimates (Persons in April)","2005","10 - 14 years","Female","Thousand","134.4"
"Population Estimates (Persons in April)","2005","15 - 19 years","Both sexes","Thousand","292.8"
"Population Estimates (Persons in April)","2005","15 - 19 years","Male","Thousand","149.8"
"Population Estimates (Persons in April)","2005","15 - 19 years","Female","Thousand","143"
"Population Estimates (Persons in April)","2005","15 - 24 years","Both sexes","Thousand","632.2"
"Population Estimates (Persons in April)","2005","15 - 24 years","Male","Thousand","319.8"
"Population Estimates (Persons in April)","2005","15 - 24 years","Female","Thousand","312.5"
"Population Estimates (Persons in April)","2005","15 years and over","Both sexes","Thousand","3280.4"
"Population Estimates (Persons in April)","2005","15 years and over","Male","Thousand","1623.8"
"Population Estimates (Persons in April)","2005","15 years and over","Female","Thousand","1656.7"
"Population Estimates (Persons in April)","2005","20 - 24 years","Both sexes","Thousand","339.5"
"Population Estimates (Persons in April)","2005","20 - 24 years","Male","Thousand","170"
"Population Estimates (Persons in April)","2005","20 - 24 years","Female","Thousand","169.5"
"Population Estimates (Persons in April)","2005","25 - 29 years","Both sexes","Thousand","345.2"
"Population Estimates (Persons in April)","2005","25 - 29 years","Male","Thousand","174.1"
"Population Estimates (Persons in April)","2005","25 - 29 years","Female","Thousand","171.1"
"Population Estimates (Persons in April)","2005","25 - 44 years","Both sexes","Thousand","1287.2"
"Population Estimates (Persons in April)","2005","25 - 44 years","Male","Thousand","647.7"
"Population Estimates (Persons in April)","2005","25 - 44 years","Female","Thousand","639.6"
"Population Estimates (Persons in April)","2005","30 - 34 years","Both sexes","Thousand","335.8"
"Population Estimates (Persons in April)","2005","30 - 34 years","Male","Thousand","168.7"
"Population Estimates (Persons in April)","2005","30 - 34 years","Female","Thousand","167"
"Population Estimates (Persons in April)","2005","35 - 39 years","Both sexes","Thousand","312.1"
"Population Estimates (Persons in April)","2005","35 - 39 years","Male","Thousand","157.8"
"Population Estimates (Persons in April)","2005","35 - 39 years","Female","Thousand","154.4"
"Population Estimates (Persons in April)","2005","40 - 44 years","Both sexes","Thousand","294.1"
"Population Estimates (Persons in April)","2005","40 - 44 years","Male","Thousand","147.1"
"Population Estimates (Persons in April)","2005","40 - 44 years","Female","Thousand","147.1"
"Population Estimates (Persons in April)","2005","45 - 49 years","Both sexes","Thousand","265.4"
"Population Estimates (Persons in April)","2005","45 - 49 years","Male","Thousand","132.9"
"Population Estimates (Persons in April)","2005","45 - 49 years","Female","Thousand","132.6"
"Population Estimates (Persons in April)","2005","45 - 64 years","Both sexes","Thousand","902"
"Population Estimates (Persons in April)","2005","45 - 64 years","Male","Thousand","454.4"
"Population Estimates (Persons in April)","2005","45 - 64 years","Female","Thousand","447.6"
"Population Estimates (Persons in April)","2005","50 - 54 years","Both sexes","Thousand","243.1"
"Population Estimates (Persons in April)","2005","50 - 54 years","Male","Thousand","122.9"
"Population Estimates (Persons in April)","2005","50 - 54 years","Female","Thousand","120.2"
"Population Estimates (Persons in April)","2005","55 - 59 years","Both sexes","Thousand","221.4"
"Population Estimates (Persons in April)","2005","55 - 59 years","Male","Thousand","112"
"Population Estimates (Persons in April)","2005","55 - 59 years","Female","Thousand","109.4"
"Population Estimates (Persons in April)","2005","60 - 64 years","Both sexes","Thousand","172.1"
"Population Estimates (Persons in April)","2005","60 - 64 years","Male","Thousand","86.7"
"Population Estimates (Persons in April)","2005","60 - 64 years","Female","Thousand","85.4"
"Population Estimates (Persons in April)","2005","65 - 69 years","Both sexes","Thousand","140.8"
"Population Estimates (Persons in April)","2005","65 - 69 years","Male","Thousand","69.1"
"Population Estimates (Persons in April)","2005","65 - 69 years","Female","Thousand","71.7"
"Population Estimates (Persons in April)","2005","65 years and over","Both sexes","Thousand","458.9"
"Population Estimates (Persons in April)","2005","65 years and over","Male","Thousand","201.9"
"Population Estimates (Persons in April)","2005","65 years and over","Female","Thousand","257"
"Population Estimates (Persons in April)","2005","70 - 74 years","Both sexes","Thousand","117.4"
"Population Estimates (Persons in April)","2005","70 - 74 years","Male","Thousand","55.7"
"Population Estimates (Persons in April)","2005","70 - 74 years","Female","Thousand","61.7"
"Population Estimates (Persons in April)","2005","75 - 79 years","Both sexes","Thousand","91"
"Population Estimates (Persons in April)","2005","75 - 79 years","Male","Thousand","38.8"
"Population Estimates (Persons in April)","2005","75 - 79 years","Female","Thousand","52.2"
"Population Estimates (Persons in April)","2005","80 - 84 years","Both sexes","Thousand","64"
"Population Estimates (Persons in April)","2005","80 - 84 years","Male","Thousand","24.3"
"Population Estimates (Persons in April)","2005","80 - 84 years","Female","Thousand","39.7"
"Population Estimates (Persons in April)","2005","85 years and over","Both sexes","Thousand","45.7"
"Population Estimates (Persons in April)","2005","85 years and over","Male","Thousand","14"
"Population Estimates (Persons in April)","2005","85 years and over","Female","Thousand","31.7"
"Population Estimates (Persons in April)","2005","All ages","Both sexes","Thousand","4133.8"
"Population Estimates (Persons in April)","2005","All ages","Male","Thousand","2061.8"
"Population Estimates (Persons in April)","2005","All ages","Female","Thousand","2072"
"Population Estimates (Persons in April)","2006","Under 1 year","Both sexes","Thousand","61.1"
"Population Estimates (Persons in April)","2006","Under 1 year","Male","Thousand","31.3"
"Population Estimates (Persons in April)","2006","Under 1 year","Female","Thousand","29.8"
"Population Estimates (Persons in April)","2006","0 - 4 years","Both sexes","Thousand","302.3"
"Population Estimates (Persons in April)","2006","0 - 4 years","Male","Thousand","154.7"
"Population Estimates (Persons in April)","2006","0 - 4 years","Female","Thousand","147.7"
"Population Estimates (Persons in April)","2006","0 - 14 years","Both sexes","Thousand","865.1"
"Population Estimates (Persons in April)","2006","0 - 14 years","Male","Thousand","443.5"
"Population Estimates (Persons in April)","2006","0 - 14 years","Female","Thousand","421.6"
"Population Estimates (Persons in April)","2006","1 - 4 years","Both sexes","Thousand","241.3"
"Population Estimates (Persons in April)","2006","1 - 4 years","Male","Thousand","123.4"
"Population Estimates (Persons in April)","2006","1 - 4 years","Female","Thousand","117.9"
"Population Estimates (Persons in April)","2006","5 - 9 years","Both sexes","Thousand","288.5"
"Population Estimates (Persons in April)","2006","5 - 9 years","Male","Thousand","148.1"
"Population Estimates (Persons in April)","2006","5 - 9 years","Female","Thousand","140.4"
"Population Estimates (Persons in April)","2006","10 - 14 years","Both sexes","Thousand","274.2"
"Population Estimates (Persons in April)","2006","10 - 14 years","Male","Thousand","140.7"
"Population Estimates (Persons in April)","2006","10 - 14 years","Female","Thousand","133.5"
"Population Estimates (Persons in April)","2006","15 - 19 years","Both sexes","Thousand","290.9"
"Population Estimates (Persons in April)","2006","15 - 19 years","Male","Thousand","148.7"
"Population Estimates (Persons in April)","2006","15 - 19 years","Female","Thousand","142.2"
"Population Estimates (Persons in April)","2006","15 - 24 years","Both sexes","Thousand","638.4"
"Population Estimates (Persons in April)","2006","15 - 24 years","Male","Thousand","324.2"
"Population Estimates (Persons in April)","2006","15 - 24 years","Female","Thousand","314.2"
"Population Estimates (Persons in April)","2006","15 years and over","Both sexes","Thousand","3367.9"
"Population Estimates (Persons in April)","2006","15 years and over","Male","Thousand","1673.8"
"Population Estimates (Persons in April)","2006","15 years and over","Female","Thousand","1694"
"Population Estimates (Persons in April)","2006","20 - 24 years","Both sexes","Thousand","347.5"
"Population Estimates (Persons in April)","2006","20 - 24 years","Male","Thousand","175.5"
"Population Estimates (Persons in April)","2006","20 - 24 years","Female","Thousand","172"
"Population Estimates (Persons in April)","2006","25 - 29 years","Both sexes","Thousand","375.2"
"Population Estimates (Persons in April)","2006","25 - 29 years","Male","Thousand","190.2"
"Population Estimates (Persons in April)","2006","25 - 29 years","Female","Thousand","185"
"Population Estimates (Persons in April)","2006","25 - 44 years","Both sexes","Thousand","1343.3"
"Population Estimates (Persons in April)","2006","25 - 44 years","Male","Thousand","679.7"
"Population Estimates (Persons in April)","2006","25 - 44 years","Female","Thousand","663.6"
"Population Estimates (Persons in April)","2006","30 - 34 years","Both sexes","Thousand","347.9"
"Population Estimates (Persons in April)","2006","30 - 34 years","Male","Thousand","176.4"
"Population Estimates (Persons in April)","2006","30 - 34 years","Female","Thousand","171.5"
"Population Estimates (Persons in April)","2006","35 - 39 years","Both sexes","Thousand","320.4"
"Population Estimates (Persons in April)","2006","35 - 39 years","Male","Thousand","162.8"
"Population Estimates (Persons in April)","2006","35 - 39 years","Female","Thousand","157.7"
"Population Estimates (Persons in April)","2006","40 - 44 years","Both sexes","Thousand","299.8"
"Population Estimates (Persons in April)","2006","40 - 44 years","Male","Thousand","150.4"
"Population Estimates (Persons in April)","2006","40 - 44 years","Female","Thousand","149.3"
"Population Estimates (Persons in April)","2006","45 - 49 years","Both sexes","Thousand","273.8"
"Population Estimates (Persons in April)","2006","45 - 49 years","Male","Thousand","137.4"
"Population Estimates (Persons in April)","2006","45 - 49 years","Female","Thousand","136.4"
"Population Estimates (Persons in April)","2006","45 - 64 years","Both sexes","Thousand","923.8"
"Population Estimates (Persons in April)","2006","45 - 64 years","Male","Thousand","465.4"
"Population Estimates (Persons in April)","2006","45 - 64 years","Female","Thousand","458.4"
"Population Estimates (Persons in April)","2006","50 - 54 years","Both sexes","Thousand","246.4"
"Population Estimates (Persons in April)","2006","50 - 54 years","Male","Thousand","124.1"
"Population Estimates (Persons in April)","2006","50 - 54 years","Female","Thousand","122.3"
"Population Estimates (Persons in April)","2006","55 - 59 years","Both sexes","Thousand","223.9"
"Population Estimates (Persons in April)","2006","55 - 59 years","Male","Thousand","113.2"
"Population Estimates (Persons in April)","2006","55 - 59 years","Female","Thousand","110.7"
"Population Estimates (Persons in April)","2006","60 - 64 years","Both sexes","Thousand","179.8"
"Population Estimates (Persons in April)","2006","60 - 64 years","Male","Thousand","90.6"
"Population Estimates (Persons in April)","2006","60 - 64 years","Female","Thousand","89.1"
"Population Estimates (Persons in April)","2006","65 - 69 years","Both sexes","Thousand","141.2"
"Population Estimates (Persons in April)","2006","65 - 69 years","Male","Thousand","69.9"
"Population Estimates (Persons in April)","2006","65 - 69 years","Female","Thousand","71.4"
"Population Estimates (Persons in April)","2006","65 years and over","Both sexes","Thousand","462.4"
"Population Estimates (Persons in April)","2006","65 years and over","Male","Thousand","204.5"
"Population Estimates (Persons in April)","2006","65 years and over","Female","Thousand","257.8"
"Population Estimates (Persons in April)","2006","70 - 74 years","Both sexes","Thousand","117.5"
"Population Estimates (Persons in April)","2006","70 - 74 years","Male","Thousand","55.8"
"Population Estimates (Persons in April)","2006","70 - 74 years","Female","Thousand","61.7"
"Population Estimates (Persons in April)","2006","75 - 79 years","Both sexes","Thousand","91.4"
"Population Estimates (Persons in April)","2006","75 - 79 years","Male","Thousand","39.7"
"Population Estimates (Persons in April)","2006","75 - 79 years","Female","Thousand","51.8"
"Population Estimates (Persons in April)","2006","80 - 84 years","Both sexes","Thousand","64.4"
"Population Estimates (Persons in April)","2006","80 - 84 years","Male","Thousand","24.5"
"Population Estimates (Persons in April)","2006","80 - 84 years","Female","Thousand","39.9"
"Population Estimates (Persons in April)","2006","85 years and over","Both sexes","Thousand","47.8"
"Population Estimates (Persons in April)","2006","85 years and over","Male","Thousand","14.8"
"Population Estimates (Persons in April)","2006","85 years and over","Female","Thousand","33.1"
"Population Estimates (Persons in April)","2006","All ages","Both sexes","Thousand","4232.9"
"Population Estimates (Persons in April)","2006","All ages","Male","Thousand","2117.3"
"Population Estimates (Persons in April)","2006","All ages","Female","Thousand","2115.6"
"Population Estimates (Persons in April)","2007","Under 1 year","Both sexes","Thousand","66.3"
"Population Estimates (Persons in April)","2007","Under 1 year","Male","Thousand","34.1"
"Population Estimates (Persons in April)","2007","Under 1 year","Female","Thousand","32.2"
"Population Estimates (Persons in April)","2007","0 - 4 years","Both sexes","Thousand","310.5"
"Population Estimates (Persons in April)","2007","0 - 4 years","Male","Thousand","159.4"
"Population Estimates (Persons in April)","2007","0 - 4 years","Female","Thousand","151.1"
"Population Estimates (Persons in April)","2007","0 - 14 years","Both sexes","Thousand","884.2"
"Population Estimates (Persons in April)","2007","0 - 14 years","Male","Thousand","453.2"
"Population Estimates (Persons in April)","2007","0 - 14 years","Female","Thousand","431"
"Population Estimates (Persons in April)","2007","1 - 4 years","Both sexes","Thousand","244.2"
"Population Estimates (Persons in April)","2007","1 - 4 years","Male","Thousand","125.3"
"Population Estimates (Persons in April)","2007","1 - 4 years","Female","Thousand","118.8"
"Population Estimates (Persons in April)","2007","5 - 9 years","Both sexes","Thousand","297.2"
"Population Estimates (Persons in April)","2007","5 - 9 years","Male","Thousand","151.9"
"Population Estimates (Persons in April)","2007","5 - 9 years","Female","Thousand","145.4"
"Population Estimates (Persons in April)","2007","10 - 14 years","Both sexes","Thousand","276.5"
"Population Estimates (Persons in April)","2007","10 - 14 years","Male","Thousand","141.9"
"Population Estimates (Persons in April)","2007","10 - 14 years","Female","Thousand","134.6"
"Population Estimates (Persons in April)","2007","15 - 19 years","Both sexes","Thousand","291.4"
"Population Estimates (Persons in April)","2007","15 - 19 years","Male","Thousand","147.5"
"Population Estimates (Persons in April)","2007","15 - 19 years","Female","Thousand","144"
"Population Estimates (Persons in April)","2007","15 - 24 years","Both sexes","Thousand","663.1"
"Population Estimates (Persons in April)","2007","15 - 24 years","Male","Thousand","335.1"
"Population Estimates (Persons in April)","2007","15 - 24 years","Female","Thousand","328"
"Population Estimates (Persons in April)","2007","15 years and over","Both sexes","Thousand","3491.7"
"Population Estimates (Persons in April)","2007","15 years and over","Male","Thousand","1738.1"
"Population Estimates (Persons in April)","2007","15 years and over","Female","Thousand","1753.6"
"Population Estimates (Persons in April)","2007","20 - 24 years","Both sexes","Thousand","371.7"
"Population Estimates (Persons in April)","2007","20 - 24 years","Male","Thousand","187.6"
"Population Estimates (Persons in April)","2007","20 - 24 years","Female","Thousand","184.1"
"Population Estimates (Persons in April)","2007","25 - 29 years","Both sexes","Thousand","399.8"
"Population Estimates (Persons in April)","2007","25 - 29 years","Male","Thousand","202.6"
"Population Estimates (Persons in April)","2007","25 - 29 years","Female","Thousand","197.2"
"Population Estimates (Persons in April)","2007","25 - 44 years","Both sexes","Thousand","1404.5"
"Population Estimates (Persons in April)","2007","25 - 44 years","Male","Thousand","713.3"
"Population Estimates (Persons in April)","2007","25 - 44 years","Female","Thousand","691.2"
"Population Estimates (Persons in April)","2007","30 - 34 years","Both sexes","Thousand","361.3"
"Population Estimates (Persons in April)","2007","30 - 34 years","Male","Thousand","184.6"
"Population Estimates (Persons in April)","2007","30 - 34 years","Female","Thousand","176.8"
"Population Estimates (Persons in April)","2007","35 - 39 years","Both sexes","Thousand","335.3"
"Population Estimates (Persons in April)","2007","35 - 39 years","Male","Thousand","171.3"
"Population Estimates (Persons in April)","2007","35 - 39 years","Female","Thousand","164"
"Population Estimates (Persons in April)","2007","40 - 44 years","Both sexes","Thousand","308.1"
"Population Estimates (Persons in April)","2007","40 - 44 years","Male","Thousand","154.9"
"Population Estimates (Persons in April)","2007","40 - 44 years","Female","Thousand","153.2"
"Population Estimates (Persons in April)","2007","45 - 49 years","Both sexes","Thousand","281.2"
"Population Estimates (Persons in April)","2007","45 - 49 years","Male","Thousand","141.2"
"Population Estimates (Persons in April)","2007","45 - 49 years","Female","Thousand","140.1"
"Population Estimates (Persons in April)","2007","45 - 64 years","Both sexes","Thousand","953"
"Population Estimates (Persons in April)","2007","45 - 64 years","Male","Thousand","479.9"
"Population Estimates (Persons in April)","2007","45 - 64 years","Female","Thousand","473.1"
"Population Estimates (Persons in April)","2007","50 - 54 years","Both sexes","Thousand","253.2"
"Population Estimates (Persons in April)","2007","50 - 54 years","Male","Thousand","127.4"
"Population Estimates (Persons in April)","2007","50 - 54 years","Female","Thousand","125.8"
"Population Estimates (Persons in April)","2007","55 - 59 years","Both sexes","Thousand","227.9"
"Population Estimates (Persons in April)","2007","55 - 59 years","Male","Thousand","115.2"
"Population Estimates (Persons in April)","2007","55 - 59 years","Female","Thousand","112.7"
"Population Estimates (Persons in April)","2007","60 - 64 years","Both sexes","Thousand","190.7"
"Population Estimates (Persons in April)","2007","60 - 64 years","Male","Thousand","96.1"
"Population Estimates (Persons in April)","2007","60 - 64 years","Female","Thousand","94.5"
"Population Estimates (Persons in April)","2007","65 - 69 years","Both sexes","Thousand","144.1"
"Population Estimates (Persons in April)","2007","65 - 69 years","Male","Thousand","71.9"
"Population Estimates (Persons in April)","2007","65 - 69 years","Female","Thousand","72.2"
"Population Estimates (Persons in April)","2007","65 years and over","Both sexes","Thousand","471"
"Population Estimates (Persons in April)","2007","65 years and over","Male","Thousand","209.8"
"Population Estimates (Persons in April)","2007","65 years and over","Female","Thousand","261.2"
"Population Estimates (Persons in April)","2007","70 - 74 years","Both sexes","Thousand","119.5"
"Population Estimates (Persons in April)","2007","70 - 74 years","Male","Thousand","56.9"
"Population Estimates (Persons in April)","2007","70 - 74 years","Female","Thousand","62.6"
"Population Estimates (Persons in April)","2007","75 - 79 years","Both sexes","Thousand","92.5"
"Population Estimates (Persons in April)","2007","75 - 79 years","Male","Thousand","40.8"
"Population Estimates (Persons in April)","2007","75 - 79 years","Female","Thousand","51.6"
"Population Estimates (Persons in April)","2007","80 - 84 years","Both sexes","Thousand","65.6"
"Population Estimates (Persons in April)","2007","80 - 84 years","Male","Thousand","25"
"Population Estimates (Persons in April)","2007","80 - 84 years","Female","Thousand","40.5"
"Population Estimates (Persons in April)","2007","85 years and over","Both sexes","Thousand","49.4"
"Population Estimates (Persons in April)","2007","85 years and over","Male","Thousand","15.2"
"Population Estimates (Persons in April)","2007","85 years and over","Female","Thousand","34.2"
"Population Estimates (Persons in April)","2007","All ages","Both sexes","Thousand","4375.8"
"Population Estimates (Persons in April)","2007","All ages","Male","Thousand","2191.3"
"Population Estimates (Persons in April)","2007","All ages","Female","Thousand","2184.6"
"Population Estimates (Persons in April)","2008","Under 1 year","Both sexes","Thousand","72.4"
"Population Estimates (Persons in April)","2008","Under 1 year","Male","Thousand","36.9"
"Population Estimates (Persons in April)","2008","Under 1 year","Female","Thousand","35.5"
"Population Estimates (Persons in April)","2008","0 - 4 years","Both sexes","Thousand","324"
"Population Estimates (Persons in April)","2008","0 - 4 years","Male","Thousand","165.9"
"Population Estimates (Persons in April)","2008","0 - 4 years","Female","Thousand","158.1"
"Population Estimates (Persons in April)","2008","0 - 14 years","Both sexes","Thousand","913.4"
"Population Estimates (Persons in April)","2008","0 - 14 years","Male","Thousand","467.5"
"Population Estimates (Persons in April)","2008","0 - 14 years","Female","Thousand","445.9"
"Population Estimates (Persons in April)","2008","1 - 4 years","Both sexes","Thousand","251.6"
"Population Estimates (Persons in April)","2008","1 - 4 years","Male","Thousand","129.1"
"Population Estimates (Persons in April)","2008","1 - 4 years","Female","Thousand","122.6"
"Population Estimates (Persons in April)","2008","5 - 9 years","Both sexes","Thousand","306.2"
"Population Estimates (Persons in April)","2008","5 - 9 years","Male","Thousand","156.3"
"Population Estimates (Persons in April)","2008","5 - 9 years","Female","Thousand","150"
"Population Estimates (Persons in April)","2008","10 - 14 years","Both sexes","Thousand","283.1"
"Population Estimates (Persons in April)","2008","10 - 14 years","Male","Thousand","145.3"
"Population Estimates (Persons in April)","2008","10 - 14 years","Female","Thousand","137.9"
"Population Estimates (Persons in April)","2008","15 - 19 years","Both sexes","Thousand","295.6"
"Population Estimates (Persons in April)","2008","15 - 19 years","Male","Thousand","149.6"
"Population Estimates (Persons in April)","2008","15 - 19 years","Female","Thousand","146"
"Population Estimates (Persons in April)","2008","15 - 24 years","Both sexes","Thousand","669.2"
"Population Estimates (Persons in April)","2008","15 - 24 years","Male","Thousand","336.1"
"Population Estimates (Persons in April)","2008","15 - 24 years","Female","Thousand","333.1"
"Population Estimates (Persons in April)","2008","15 years and over","Both sexes","Thousand","3571.9"
"Population Estimates (Persons in April)","2008","15 years and over","Male","Thousand","1771.1"
"Population Estimates (Persons in April)","2008","15 years and over","Female","Thousand","1800.6"
"Population Estimates (Persons in April)","2008","20 - 24 years","Both sexes","Thousand","373.6"
"Population Estimates (Persons in April)","2008","20 - 24 years","Male","Thousand","186.5"
"Population Estimates (Persons in April)","2008","20 - 24 years","Female","Thousand","187.1"
"Population Estimates (Persons in April)","2008","25 - 29 years","Both sexes","Thousand","408.3"
"Population Estimates (Persons in April)","2008","25 - 29 years","Male","Thousand","204.7"
"Population Estimates (Persons in April)","2008","25 - 29 years","Female","Thousand","203.6"
"Population Estimates (Persons in April)","2008","25 - 44 years","Both sexes","Thousand","1439.9"
"Population Estimates (Persons in April)","2008","25 - 44 years","Male","Thousand","726.6"
"Population Estimates (Persons in April)","2008","25 - 44 years","Female","Thousand","713.3"
"Population Estimates (Persons in April)","2008","30 - 34 years","Both sexes","Thousand","369.5"
"Population Estimates (Persons in April)","2008","30 - 34 years","Male","Thousand","186.9"
"Population Estimates (Persons in April)","2008","30 - 34 years","Female","Thousand","182.6"
"Population Estimates (Persons in April)","2008","35 - 39 years","Both sexes","Thousand","348.6"
"Population Estimates (Persons in April)","2008","35 - 39 years","Male","Thousand","177.6"
"Population Estimates (Persons in April)","2008","35 - 39 years","Female","Thousand","171"
"Population Estimates (Persons in April)","2008","40 - 44 years","Both sexes","Thousand","313.6"
"Population Estimates (Persons in April)","2008","40 - 44 years","Male","Thousand","157.5"
"Population Estimates (Persons in April)","2008","40 - 44 years","Female","Thousand","156.1"
"Population Estimates (Persons in April)","2008","45 - 49 years","Both sexes","Thousand","288.5"
"Population Estimates (Persons in April)","2008","45 - 49 years","Male","Thousand","144.5"
"Population Estimates (Persons in April)","2008","45 - 49 years","Female","Thousand","143.9"
"Population Estimates (Persons in April)","2008","45 - 64 years","Both sexes","Thousand","978.8"
"Population Estimates (Persons in April)","2008","45 - 64 years","Male","Thousand","492.2"
"Population Estimates (Persons in April)","2008","45 - 64 years","Female","Thousand","486.6"
"Population Estimates (Persons in April)","2008","50 - 54 years","Both sexes","Thousand","258"
"Population Estimates (Persons in April)","2008","50 - 54 years","Male","Thousand","129.5"
"Population Estimates (Persons in April)","2008","50 - 54 years","Female","Thousand","128.5"
"Population Estimates (Persons in April)","2008","55 - 59 years","Both sexes","Thousand","232.6"
"Population Estimates (Persons in April)","2008","55 - 59 years","Male","Thousand","117.3"
"Population Estimates (Persons in April)","2008","55 - 59 years","Female","Thousand","115.3"
"Population Estimates (Persons in April)","2008","60 - 64 years","Both sexes","Thousand","199.8"
"Population Estimates (Persons in April)","2008","60 - 64 years","Male","Thousand","101"
"Population Estimates (Persons in April)","2008","60 - 64 years","Female","Thousand","98.8"
"Population Estimates (Persons in April)","2008","65 - 69 years","Both sexes","Thousand","149.8"
"Population Estimates (Persons in April)","2008","65 - 69 years","Male","Thousand","74.4"
"Population Estimates (Persons in April)","2008","65 - 69 years","Female","Thousand","75.4"
"Population Estimates (Persons in April)","2008","65 years and over","Both sexes","Thousand","483.7"
"Population Estimates (Persons in April)","2008","65 years and over","Male","Thousand","216.2"
"Population Estimates (Persons in April)","2008","65 years and over","Female","Thousand","267.6"
"Population Estimates (Persons in April)","2008","70 - 74 years","Both sexes","Thousand","121.7"
"Population Estimates (Persons in April)","2008","70 - 74 years","Male","Thousand","58.1"
"Population Estimates (Persons in April)","2008","70 - 74 years","Female","Thousand","63.6"
"Population Estimates (Persons in April)","2008","75 - 79 years","Both sexes","Thousand","94.5"
"Population Estimates (Persons in April)","2008","75 - 79 years","Male","Thousand","42.4"
"Population Estimates (Persons in April)","2008","75 - 79 years","Female","Thousand","52.1"
"Population Estimates (Persons in April)","2008","80 - 84 years","Both sexes","Thousand","65.9"
"Population Estimates (Persons in April)","2008","80 - 84 years","Male","Thousand","25.3"
"Population Estimates (Persons in April)","2008","80 - 84 years","Female","Thousand","40.5"
"Population Estimates (Persons in April)","2008","85 years and over","Both sexes","Thousand","51.9"
"Population Estimates (Persons in April)","2008","85 years and over","Male","Thousand","15.9"
"Population Estimates (Persons in April)","2008","85 years and over","Female","Thousand","36"
"Population Estimates (Persons in April)","2008","All ages","Both sexes","Thousand","4485.1"
"Population Estimates (Persons in April)","2008","All ages","Male","Thousand","2238.6"
"Population Estimates (Persons in April)","2008","All ages","Female","Thousand","2246.5"
"Population Estimates (Persons in April)","2009","Under 1 year","Both sexes","Thousand","73.6"
"Population Estimates (Persons in April)","2009","Under 1 year","Male","Thousand","37.7"
"Population Estimates (Persons in April)","2009","Under 1 year","Female","Thousand","35.9"
"Population Estimates (Persons in April)","2009","0 - 4 years","Both sexes","Thousand","335.2"
"Population Estimates (Persons in April)","2009","0 - 4 years","Male","Thousand","171.4"
"Population Estimates (Persons in April)","2009","0 - 4 years","Female","Thousand","163.8"
"Population Estimates (Persons in April)","2009","0 - 14 years","Both sexes","Thousand","936.4"
"Population Estimates (Persons in April)","2009","0 - 14 years","Male","Thousand","479.2"
"Population Estimates (Persons in April)","2009","0 - 14 years","Female","Thousand","457.2"
"Population Estimates (Persons in April)","2009","1 - 4 years","Both sexes","Thousand","261.7"
"Population Estimates (Persons in April)","2009","1 - 4 years","Male","Thousand","133.8"
"Population Estimates (Persons in April)","2009","1 - 4 years","Female","Thousand","127.9"
"Population Estimates (Persons in April)","2009","5 - 9 years","Both sexes","Thousand","310.7"
"Population Estimates (Persons in April)","2009","5 - 9 years","Male","Thousand","158.5"
"Population Estimates (Persons in April)","2009","5 - 9 years","Female","Thousand","152.2"
"Population Estimates (Persons in April)","2009","10 - 14 years","Both sexes","Thousand","290.5"
"Population Estimates (Persons in April)","2009","10 - 14 years","Male","Thousand","149.2"
"Population Estimates (Persons in April)","2009","10 - 14 years","Female","Thousand","141.2"
"Population Estimates (Persons in April)","2009","15 - 19 years","Both sexes","Thousand","294.3"
"Population Estimates (Persons in April)","2009","15 - 19 years","Male","Thousand","150.3"
"Population Estimates (Persons in April)","2009","15 - 19 years","Female","Thousand","143.9"
"Population Estimates (Persons in April)","2009","15 - 24 years","Both sexes","Thousand","648.7"
"Population Estimates (Persons in April)","2009","15 - 24 years","Male","Thousand","323.9"
"Population Estimates (Persons in April)","2009","15 - 24 years","Female","Thousand","324.8"
"Population Estimates (Persons in April)","2009","15 years and over","Both sexes","Thousand","3597"
"Population Estimates (Persons in April)","2009","15 years and over","Male","Thousand","1778.1"
"Population Estimates (Persons in April)","2009","15 years and over","Female","Thousand","1818.9"
"Population Estimates (Persons in April)","2009","20 - 24 years","Both sexes","Thousand","354.4"
"Population Estimates (Persons in April)","2009","20 - 24 years","Male","Thousand","173.5"
"Population Estimates (Persons in April)","2009","20 - 24 years","Female","Thousand","180.9"
"Population Estimates (Persons in April)","2009","25 - 29 years","Both sexes","Thousand","400.6"
"Population Estimates (Persons in April)","2009","25 - 29 years","Male","Thousand","198.4"
"Population Estimates (Persons in April)","2009","25 - 29 years","Female","Thousand","202.1"
"Population Estimates (Persons in April)","2009","25 - 44 years","Both sexes","Thousand","1448.1"
"Population Estimates (Persons in April)","2009","25 - 44 years","Male","Thousand","726.3"
"Population Estimates (Persons in April)","2009","25 - 44 years","Female","Thousand","721.8"
"Population Estimates (Persons in April)","2009","30 - 34 years","Both sexes","Thousand","374.5"
"Population Estimates (Persons in April)","2009","30 - 34 years","Male","Thousand","188.1"
"Population Estimates (Persons in April)","2009","30 - 34 years","Female","Thousand","186.4"
"Population Estimates (Persons in April)","2009","35 - 39 years","Both sexes","Thousand","356.3"
"Population Estimates (Persons in April)","2009","35 - 39 years","Male","Thousand","180.3"
"Population Estimates (Persons in April)","2009","35 - 39 years","Female","Thousand","176"
"Population Estimates (Persons in April)","2009","40 - 44 years","Both sexes","Thousand","316.7"
"Population Estimates (Persons in April)","2009","40 - 44 years","Male","Thousand","159.5"
"Population Estimates (Persons in April)","2009","40 - 44 years","Female","Thousand","157.3"
"Population Estimates (Persons in April)","2009","45 - 49 years","Both sexes","Thousand","295.6"
"Population Estimates (Persons in April)","2009","45 - 49 years","Male","Thousand","147.9"
"Population Estimates (Persons in April)","2009","45 - 49 years","Female","Thousand","147.7"
"Population Estimates (Persons in April)","2009","45 - 64 years","Both sexes","Thousand","1001.3"
"Population Estimates (Persons in April)","2009","45 - 64 years","Male","Thousand","503.2"
"Population Estimates (Persons in April)","2009","45 - 64 years","Female","Thousand","498.2"
"Population Estimates (Persons in April)","2009","50 - 54 years","Both sexes","Thousand","262.3"
"Population Estimates (Persons in April)","2009","50 - 54 years","Male","Thousand","131.6"
"Population Estimates (Persons in April)","2009","50 - 54 years","Female","Thousand","130.7"
"Population Estimates (Persons in April)","2009","55 - 59 years","Both sexes","Thousand","235.7"
"Population Estimates (Persons in April)","2009","55 - 59 years","Male","Thousand","118.7"
"Population Estimates (Persons in April)","2009","55 - 59 years","Female","Thousand","117"
"Population Estimates (Persons in April)","2009","60 - 64 years","Both sexes","Thousand","207.7"
"Population Estimates (Persons in April)","2009","60 - 64 years","Male","Thousand","104.9"
"Population Estimates (Persons in April)","2009","60 - 64 years","Female","Thousand","102.8"
"Population Estimates (Persons in April)","2009","65 - 69 years","Both sexes","Thousand","156.6"
"Population Estimates (Persons in April)","2009","65 - 69 years","Male","Thousand","78"
"Population Estimates (Persons in April)","2009","65 - 69 years","Female","Thousand","78.6"
"Population Estimates (Persons in April)","2009","65 years and over","Both sexes","Thousand","498.9"
"Population Estimates (Persons in April)","2009","65 years and over","Male","Thousand","224.8"
"Population Estimates (Persons in April)","2009","65 years and over","Female","Thousand","274.1"
"Population Estimates (Persons in April)","2009","70 - 74 years","Both sexes","Thousand","124.6"
"Population Estimates (Persons in April)","2009","70 - 74 years","Male","Thousand","59.8"
"Population Estimates (Persons in April)","2009","70 - 74 years","Female","Thousand","64.8"
"Population Estimates (Persons in April)","2009","75 - 79 years","Both sexes","Thousand","96.8"
"Population Estimates (Persons in April)","2009","75 - 79 years","Male","Thousand","43.9"
"Population Estimates (Persons in April)","2009","75 - 79 years","Female","Thousand","52.9"
"Population Estimates (Persons in April)","2009","80 - 84 years","Both sexes","Thousand","66.9"
"Population Estimates (Persons in April)","2009","80 - 84 years","Male","Thousand","26.3"
"Population Estimates (Persons in April)","2009","80 - 84 years","Female","Thousand","40.6"
"Population Estimates (Persons in April)","2009","85 years and over","Both sexes","Thousand","54"
"Population Estimates (Persons in April)","2009","85 years and over","Male","Thousand","16.8"
"Population Estimates (Persons in April)","2009","85 years and over","Female","Thousand","37.2"
"Population Estimates (Persons in April)","2009","All ages","Both sexes","Thousand","4533.4"
"Population Estimates (Persons in April)","2009","All ages","Male","Thousand","2257.3"
"Population Estimates (Persons in April)","2009","All ages","Female","Thousand","2276.1"
"Population Estimates (Persons in April)","2010","Under 1 year","Both sexes","Thousand","74.9"
"Population Estimates (Persons in April)","2010","Under 1 year","Male","Thousand","38.5"
"Population Estimates (Persons in April)","2010","Under 1 year","Female","Thousand","36.5"
"Population Estimates (Persons in April)","2010","0 - 4 years","Both sexes","Thousand","347"
"Population Estimates (Persons in April)","2010","0 - 4 years","Male","Thousand","177.6"
"Population Estimates (Persons in April)","2010","0 - 4 years","Female","Thousand","169.4"
"Population Estimates (Persons in April)","2010","0 - 14 years","Both sexes","Thousand","957.7"
"Population Estimates (Persons in April)","2010","0 - 14 years","Male","Thousand","490.5"
"Population Estimates (Persons in April)","2010","0 - 14 years","Female","Thousand","467.2"
"Population Estimates (Persons in April)","2010","1 - 4 years","Both sexes","Thousand","272"
"Population Estimates (Persons in April)","2010","1 - 4 years","Male","Thousand","139.1"
"Population Estimates (Persons in April)","2010","1 - 4 years","Female","Thousand","133"
"Population Estimates (Persons in April)","2010","5 - 9 years","Both sexes","Thousand","314.6"
"Population Estimates (Persons in April)","2010","5 - 9 years","Male","Thousand","160.8"
"Population Estimates (Persons in April)","2010","5 - 9 years","Female","Thousand","153.8"
"Population Estimates (Persons in April)","2010","10 - 14 years","Both sexes","Thousand","296.1"
"Population Estimates (Persons in April)","2010","10 - 14 years","Male","Thousand","152.1"
"Population Estimates (Persons in April)","2010","10 - 14 years","Female","Thousand","144"
"Population Estimates (Persons in April)","2010","15 - 19 years","Both sexes","Thousand","289.4"
"Population Estimates (Persons in April)","2010","15 - 19 years","Male","Thousand","147.7"
"Population Estimates (Persons in April)","2010","15 - 19 years","Female","Thousand","141.7"
"Population Estimates (Persons in April)","2010","15 - 24 years","Both sexes","Thousand","615.7"
"Population Estimates (Persons in April)","2010","15 - 24 years","Male","Thousand","307.8"
"Population Estimates (Persons in April)","2010","15 - 24 years","Female","Thousand","307.9"
"Population Estimates (Persons in April)","2010","15 years and over","Both sexes","Thousand","3596.9"
"Population Estimates (Persons in April)","2010","15 years and over","Male","Thousand","1771.7"
"Population Estimates (Persons in April)","2010","15 years and over","Female","Thousand","1825.4"
"Population Estimates (Persons in April)","2010","20 - 24 years","Both sexes","Thousand","326.3"
"Population Estimates (Persons in April)","2010","20 - 24 years","Male","Thousand","160.1"
"Population Estimates (Persons in April)","2010","20 - 24 years","Female","Thousand","166.2"
"Population Estimates (Persons in April)","2010","25 - 29 years","Both sexes","Thousand","381.6"
"Population Estimates (Persons in April)","2010","25 - 29 years","Male","Thousand","186.1"
"Population Estimates (Persons in April)","2010","25 - 29 years","Female","Thousand","195.6"
"Population Estimates (Persons in April)","2010","25 - 44 years","Both sexes","Thousand","1444.3"
"Population Estimates (Persons in April)","2010","25 - 44 years","Male","Thousand","719.1"
"Population Estimates (Persons in April)","2010","25 - 44 years","Female","Thousand","725.2"
"Population Estimates (Persons in April)","2010","30 - 34 years","Both sexes","Thousand","381.2"
"Population Estimates (Persons in April)","2010","30 - 34 years","Male","Thousand","189.8"
"Population Estimates (Persons in April)","2010","30 - 34 years","Female","Thousand","191.4"
"Population Estimates (Persons in April)","2010","35 - 39 years","Both sexes","Thousand","359.7"
"Population Estimates (Persons in April)","2010","35 - 39 years","Male","Thousand","181"
"Population Estimates (Persons in April)","2010","35 - 39 years","Female","Thousand","178.7"
"Population Estimates (Persons in April)","2010","40 - 44 years","Both sexes","Thousand","321.8"
"Population Estimates (Persons in April)","2010","40 - 44 years","Male","Thousand","162.2"
"Population Estimates (Persons in April)","2010","40 - 44 years","Female","Thousand","159.6"
"Population Estimates (Persons in April)","2010","45 - 49 years","Both sexes","Thousand","300.9"
"Population Estimates (Persons in April)","2010","45 - 49 years","Male","Thousand","149.8"
"Population Estimates (Persons in April)","2010","45 - 49 years","Female","Thousand","151.1"
"Population Estimates (Persons in April)","2010","45 - 64 years","Both sexes","Thousand","1021.9"
"Population Estimates (Persons in April)","2010","45 - 64 years","Male","Thousand","511.4"
"Population Estimates (Persons in April)","2010","45 - 64 years","Female","Thousand","510.5"
"Population Estimates (Persons in April)","2010","50 - 54 years","Both sexes","Thousand","267.4"
"Population Estimates (Persons in April)","2010","50 - 54 years","Male","Thousand","133.7"
"Population Estimates (Persons in April)","2010","50 - 54 years","Female","Thousand","133.7"
"Population Estimates (Persons in April)","2010","55 - 59 years","Both sexes","Thousand","239.6"
"Population Estimates (Persons in April)","2010","55 - 59 years","Male","Thousand","120.3"
"Population Estimates (Persons in April)","2010","55 - 59 years","Female","Thousand","119.3"
"Population Estimates (Persons in April)","2010","60 - 64 years","Both sexes","Thousand","214"
"Population Estimates (Persons in April)","2010","60 - 64 years","Male","Thousand","107.6"
"Population Estimates (Persons in April)","2010","60 - 64 years","Female","Thousand","106.4"
"Population Estimates (Persons in April)","2010","65 - 69 years","Both sexes","Thousand","163.5"
"Population Estimates (Persons in April)","2010","65 - 69 years","Male","Thousand","81.5"
"Population Estimates (Persons in April)","2010","65 - 69 years","Female","Thousand","82"
"Population Estimates (Persons in April)","2010","65 years and over","Both sexes","Thousand","515.1"
"Population Estimates (Persons in April)","2010","65 years and over","Male","Thousand","233.4"
"Population Estimates (Persons in April)","2010","65 years and over","Female","Thousand","281.7"
"Population Estimates (Persons in April)","2010","70 - 74 years","Both sexes","Thousand","127.9"
"Population Estimates (Persons in April)","2010","70 - 74 years","Male","Thousand","61.8"
"Population Estimates (Persons in April)","2010","70 - 74 years","Female","Thousand","66.2"
"Population Estimates (Persons in April)","2010","75 - 79 years","Both sexes","Thousand","99.1"
"Population Estimates (Persons in April)","2010","75 - 79 years","Male","Thousand","45.1"
"Population Estimates (Persons in April)","2010","75 - 79 years","Female","Thousand","54"
"Population Estimates (Persons in April)","2010","80 - 84 years","Both sexes","Thousand","68.4"
"Population Estimates (Persons in April)","2010","80 - 84 years","Male","Thousand","27.3"
"Population Estimates (Persons in April)","2010","80 - 84 years","Female","Thousand","41"
"Population Estimates (Persons in April)","2010","85 years and over","Both sexes","Thousand","56.1"
"Population Estimates (Persons in April)","2010","85 years and over","Male","Thousand","17.7"
"Population Estimates (Persons in April)","2010","85 years and over","Female","Thousand","38.5"
"Population Estimates (Persons in April)","2010","All ages","Both sexes","Thousand","4554.8"
"Population Estimates (Persons in April)","2010","All ages","Male","Thousand","2262.2"
"Population Estimates (Persons in April)","2010","All ages","Female","Thousand","2292.6"
"Population Estimates (Persons in April)","2011","Under 1 year","Both sexes","Thousand","72.5"
"Population Estimates (Persons in April)","2011","Under 1 year","Male","Thousand","36.9"
"Population Estimates (Persons in April)","2011","Under 1 year","Female","Thousand","35.6"
"Population Estimates (Persons in April)","2011","0 - 4 years","Both sexes","Thousand","356"
"Population Estimates (Persons in April)","2011","0 - 4 years","Male","Thousand","182"
"Population Estimates (Persons in April)","2011","0 - 4 years","Female","Thousand","174.1"
"Population Estimates (Persons in April)","2011","0 - 14 years","Both sexes","Thousand","976.7"
"Population Estimates (Persons in April)","2011","0 - 14 years","Male","Thousand","499.9"
"Population Estimates (Persons in April)","2011","0 - 14 years","Female","Thousand","476.8"
"Population Estimates (Persons in April)","2011","1 - 4 years","Both sexes","Thousand","283.6"
"Population Estimates (Persons in April)","2011","1 - 4 years","Male","Thousand","145.1"
"Population Estimates (Persons in April)","2011","1 - 4 years","Female","Thousand","138.5"
"Population Estimates (Persons in April)","2011","5 - 9 years","Both sexes","Thousand","319.6"
"Population Estimates (Persons in April)","2011","5 - 9 years","Male","Thousand","163.5"
"Population Estimates (Persons in April)","2011","5 - 9 years","Female","Thousand","156.2"
"Population Estimates (Persons in April)","2011","10 - 14 years","Both sexes","Thousand","301"
"Population Estimates (Persons in April)","2011","10 - 14 years","Male","Thousand","154.5"
"Population Estimates (Persons in April)","2011","10 - 14 years","Female","Thousand","146.6"
"Population Estimates (Persons in April)","2011","15 - 19 years","Both sexes","Thousand","281"
"Population Estimates (Persons in April)","2011","15 - 19 years","Male","Thousand","143.7"
"Population Estimates (Persons in April)","2011","15 - 19 years","Female","Thousand","137.4"
"Population Estimates (Persons in April)","2011","15 - 24 years","Both sexes","Thousand","579.6"
"Population Estimates (Persons in April)","2011","15 - 24 years","Male","Thousand","292.3"
"Population Estimates (Persons in April)","2011","15 - 24 years","Female","Thousand","287.3"
"Population Estimates (Persons in April)","2011","15 years and over","Both sexes","Thousand","3598.2"
"Population Estimates (Persons in April)","2011","15 years and over","Male","Thousand","1770.6"
"Population Estimates (Persons in April)","2011","15 years and over","Female","Thousand","1827.6"
"Population Estimates (Persons in April)","2011","20 - 24 years","Both sexes","Thousand","298.6"
"Population Estimates (Persons in April)","2011","20 - 24 years","Male","Thousand","148.6"
"Population Estimates (Persons in April)","2011","20 - 24 years","Female","Thousand","149.9"
"Population Estimates (Persons in April)","2011","25 - 29 years","Both sexes","Thousand","362.9"
"Population Estimates (Persons in April)","2011","25 - 29 years","Male","Thousand","175.1"
"Population Estimates (Persons in April)","2011","25 - 29 years","Female","Thousand","187.8"
"Population Estimates (Persons in April)","2011","25 - 44 years","Both sexes","Thousand","1448.7"
"Population Estimates (Persons in April)","2011","25 - 44 years","Male","Thousand","717.8"
"Population Estimates (Persons in April)","2011","25 - 44 years","Female","Thousand","730.8"
"Population Estimates (Persons in April)","2011","30 - 34 years","Both sexes","Thousand","393.4"
"Population Estimates (Persons in April)","2011","30 - 34 years","Male","Thousand","194.9"
"Population Estimates (Persons in April)","2011","30 - 34 years","Female","Thousand","198.5"
"Population Estimates (Persons in April)","2011","35 - 39 years","Both sexes","Thousand","363.1"
"Population Estimates (Persons in April)","2011","35 - 39 years","Male","Thousand","181.9"
"Population Estimates (Persons in April)","2011","35 - 39 years","Female","Thousand","181.2"
"Population Estimates (Persons in April)","2011","40 - 44 years","Both sexes","Thousand","329.3"
"Population Estimates (Persons in April)","2011","40 - 44 years","Male","Thousand","165.9"
"Population Estimates (Persons in April)","2011","40 - 44 years","Female","Thousand","163.4"
"Population Estimates (Persons in April)","2011","45 - 49 years","Both sexes","Thousand","304.1"
"Population Estimates (Persons in April)","2011","45 - 49 years","Male","Thousand","151.3"
"Population Estimates (Persons in April)","2011","45 - 49 years","Female","Thousand","152.9"
"Population Estimates (Persons in April)","2011","45 - 64 years","Both sexes","Thousand","1038.3"
"Population Estimates (Persons in April)","2011","45 - 64 years","Male","Thousand","518.9"
"Population Estimates (Persons in April)","2011","45 - 64 years","Female","Thousand","519.5"
"Population Estimates (Persons in April)","2011","50 - 54 years","Both sexes","Thousand","273.7"
"Population Estimates (Persons in April)","2011","50 - 54 years","Male","Thousand","136.7"
"Population Estimates (Persons in April)","2011","50 - 54 years","Female","Thousand","137.1"
"Population Estimates (Persons in April)","2011","55 - 59 years","Both sexes","Thousand","243.4"
"Population Estimates (Persons in April)","2011","55 - 59 years","Male","Thousand","121.8"
"Population Estimates (Persons in April)","2011","55 - 59 years","Female","Thousand","121.6"
"Population Estimates (Persons in April)","2011","60 - 64 years","Both sexes","Thousand","217.1"
"Population Estimates (Persons in April)","2011","60 - 64 years","Male","Thousand","109.2"
"Population Estimates (Persons in April)","2011","60 - 64 years","Female","Thousand","107.9"
"Population Estimates (Persons in April)","2011","65 - 69 years","Both sexes","Thousand","172.1"
"Population Estimates (Persons in April)","2011","65 - 69 years","Male","Thousand","85.6"
"Population Estimates (Persons in April)","2011","65 - 69 years","Female","Thousand","86.5"
"Population Estimates (Persons in April)","2011","65 years and over","Both sexes","Thousand","531.6"
"Population Estimates (Persons in April)","2011","65 years and over","Male","Thousand","241.6"
"Population Estimates (Persons in April)","2011","65 years and over","Female","Thousand","290"
"Population Estimates (Persons in April)","2011","70 - 74 years","Both sexes","Thousand","130.1"
"Population Estimates (Persons in April)","2011","70 - 74 years","Male","Thousand","62.9"
"Population Estimates (Persons in April)","2011","70 - 74 years","Female","Thousand","67.2"
"Population Estimates (Persons in April)","2011","75 - 79 years","Both sexes","Thousand","101.4"
"Population Estimates (Persons in April)","2011","75 - 79 years","Male","Thousand","46.3"
"Population Estimates (Persons in April)","2011","75 - 79 years","Female","Thousand","55"
"Population Estimates (Persons in April)","2011","80 - 84 years","Both sexes","Thousand","69.8"
"Population Estimates (Persons in April)","2011","80 - 84 years","Male","Thousand","28.3"
"Population Estimates (Persons in April)","2011","80 - 84 years","Female","Thousand","41.5"
"Population Estimates (Persons in April)","2011","85 years and over","Both sexes","Thousand","58.2"
"Population Estimates (Persons in April)","2011","85 years and over","Male","Thousand","18.4"
"Population Estimates (Persons in April)","2011","85 years and over","Female","Thousand","39.8"
"Population Estimates (Persons in April)","2011","All ages","Both sexes","Thousand","4574.9"
"Population Estimates (Persons in April)","2011","All ages","Male","Thousand","2270.5"
"Population Estimates (Persons in April)","2011","All ages","Female","Thousand","2304.4"
"Population Estimates (Persons in April)","2012","Under 1 year","Both sexes","Thousand","72.7"
"Population Estimates (Persons in April)","2012","Under 1 year","Male","Thousand","37"
"Population Estimates (Persons in April)","2012","Under 1 year","Female","Thousand","35.4"
"Population Estimates (Persons in April)","2012","0 - 4 years","Both sexes","Thousand","358.2"
"Population Estimates (Persons in April)","2012","0 - 4 years","Male","Thousand","182.7"
"Population Estimates (Persons in April)","2012","0 - 4 years","Female","Thousand","175.4"
"Population Estimates (Persons in April)","2012","0 - 14 years","Both sexes","Thousand","988"
"Population Estimates (Persons in April)","2012","0 - 14 years","Male","Thousand","505.4"
"Population Estimates (Persons in April)","2012","0 - 14 years","Female","Thousand","482.6"
"Population Estimates (Persons in April)","2012","1 - 4 years","Both sexes","Thousand","285.5"
"Population Estimates (Persons in April)","2012","1 - 4 years","Male","Thousand","145.5"
"Population Estimates (Persons in April)","2012","1 - 4 years","Female","Thousand","280.7"
"Population Estimates (Persons in April)","2012","5 - 9 years","Both sexes","Thousand","325.3"
"Population Estimates (Persons in April)","2012","5 - 9 years","Male","Thousand","166.4"
"Population Estimates (Persons in April)","2012","5 - 9 years","Female","Thousand","159"
"Population Estimates (Persons in April)","2012","10 - 14 years","Both sexes","Thousand","304.5"
"Population Estimates (Persons in April)","2012","10 - 14 years","Male","Thousand","156.3"
"Population Estimates (Persons in April)","2012","10 - 14 years","Female","Thousand","148.3"
"Population Estimates (Persons in April)","2012","15 - 19 years","Both sexes","Thousand","281.5"
"Population Estimates (Persons in April)","2012","15 - 19 years","Male","Thousand","144.3"
"Population Estimates (Persons in April)","2012","15 - 19 years","Female","Thousand","137.2"
"Population Estimates (Persons in April)","2012","15 - 24 years","Both sexes","Thousand","566.6"
"Population Estimates (Persons in April)","2012","15 - 24 years","Male","Thousand","285.8"
"Population Estimates (Persons in April)","2012","15 - 24 years","Female","Thousand","280.7"
"Population Estimates (Persons in April)","2012","15 years and over","Both sexes","Thousand","3605.7"
"Population Estimates (Persons in April)","2012","15 years and over","Male","Thousand","1769.6"
"Population Estimates (Persons in April)","2012","15 years and over","Female","Thousand","1836"
"Population Estimates (Persons in April)","2012","20 - 24 years","Both sexes","Thousand","285.1"
"Population Estimates (Persons in April)","2012","20 - 24 years","Male","Thousand","141.5"
"Population Estimates (Persons in April)","2012","20 - 24 years","Female","Thousand","143.6"
"Population Estimates (Persons in April)","2012","25 - 29 years","Both sexes","Thousand","341.5"
"Population Estimates (Persons in April)","2012","25 - 29 years","Male","Thousand","163.4"
"Population Estimates (Persons in April)","2012","25 - 29 years","Female","Thousand","178.1"
"Population Estimates (Persons in April)","2012","25 - 44 years","Both sexes","Thousand","1435.3"
"Population Estimates (Persons in April)","2012","25 - 44 years","Male","Thousand","707"
"Population Estimates (Persons in April)","2012","25 - 44 years","Female","Thousand","728.4"
"Population Estimates (Persons in April)","2012","30 - 34 years","Both sexes","Thousand","394"
"Population Estimates (Persons in April)","2012","30 - 34 years","Male","Thousand","193.3"
"Population Estimates (Persons in April)","2012","30 - 34 years","Female","Thousand","200.8"
"Population Estimates (Persons in April)","2012","35 - 39 years","Both sexes","Thousand","365.2"
"Population Estimates (Persons in April)","2012","35 - 39 years","Male","Thousand","182.3"
"Population Estimates (Persons in April)","2012","35 - 39 years","Female","Thousand","182.9"
"Population Estimates (Persons in April)","2012","40 - 44 years","Both sexes","Thousand","334.6"
"Population Estimates (Persons in April)","2012","40 - 44 years","Male","Thousand","168"
"Population Estimates (Persons in April)","2012","40 - 44 years","Female","Thousand","166.6"
"Population Estimates (Persons in April)","2012","45 - 49 years","Both sexes","Thousand","307.7"
"Population Estimates (Persons in April)","2012","45 - 49 years","Male","Thousand","153"
"Population Estimates (Persons in April)","2012","45 - 49 years","Female","Thousand","154.7"
"Population Estimates (Persons in April)","2012","45 - 64 years","Both sexes","Thousand","1053.8"
"Population Estimates (Persons in April)","2012","45 - 64 years","Male","Thousand","525.2"
"Population Estimates (Persons in April)","2012","45 - 64 years","Female","Thousand","528.6"
"Population Estimates (Persons in April)","2012","50 - 54 years","Both sexes","Thousand","278.2"
"Population Estimates (Persons in April)","2012","50 - 54 years","Male","Thousand","138.3"
"Population Estimates (Persons in April)","2012","50 - 54 years","Female","Thousand","139.9"
"Population Estimates (Persons in April)","2012","55 - 59 years","Both sexes","Thousand","248"
"Population Estimates (Persons in April)","2012","55 - 59 years","Male","Thousand","123.8"
"Population Estimates (Persons in April)","2012","55 - 59 years","Female","Thousand","124.2"
"Population Estimates (Persons in April)","2012","60 - 64 years","Both sexes","Thousand","219.9"
"Population Estimates (Persons in April)","2012","60 - 64 years","Male","Thousand","110.1"
"Population Estimates (Persons in April)","2012","60 - 64 years","Female","Thousand","109.8"
"Population Estimates (Persons in April)","2012","65 - 69 years","Both sexes","Thousand","181.6"
"Population Estimates (Persons in April)","2012","65 - 69 years","Male","Thousand","90.6"
"Population Estimates (Persons in April)","2012","65 - 69 years","Female","Thousand","91"
"Population Estimates (Persons in April)","2012","65 years and over","Both sexes","Thousand","550.1"
"Population Estimates (Persons in April)","2012","65 years and over","Male","Thousand","251.7"
"Population Estimates (Persons in April)","2012","65 years and over","Female","Thousand","298.4"
"Population Estimates (Persons in April)","2012","70 - 74 years","Both sexes","Thousand","133.1"
"Population Estimates (Persons in April)","2012","70 - 74 years","Male","Thousand","64.6"
"Population Estimates (Persons in April)","2012","70 - 74 years","Female","Thousand","68.5"
"Population Estimates (Persons in April)","2012","75 - 79 years","Both sexes","Thousand","103.9"
"Population Estimates (Persons in April)","2012","75 - 79 years","Male","Thousand","47.8"
"Population Estimates (Persons in April)","2012","75 - 79 years","Female","Thousand","56.1"
"Population Estimates (Persons in April)","2012","80 - 84 years","Both sexes","Thousand","71.5"
"Population Estimates (Persons in April)","2012","80 - 84 years","Male","Thousand","29.6"
"Population Estimates (Persons in April)","2012","80 - 84 years","Female","Thousand","41.9"
"Population Estimates (Persons in April)","2012","85 years and over","Both sexes","Thousand","59.8"
"Population Estimates (Persons in April)","2012","85 years and over","Male","Thousand","19"
"Population Estimates (Persons in April)","2012","85 years and over","Female","Thousand","40.8"
"Population Estimates (Persons in April)","2012","All ages","Both sexes","Thousand","4593.7"
"Population Estimates (Persons in April)","2012","All ages","Male","Thousand","2275"
"Population Estimates (Persons in April)","2012","All ages","Female","Thousand","2318.7"
"Population Estimates (Persons in April)","2013","Under 1 year","Both sexes","Thousand","68.6"
"Population Estimates (Persons in April)","2013","Under 1 year","Male","Thousand","35"
"Population Estimates (Persons in April)","2013","Under 1 year","Female","Thousand","33.5"
"Population Estimates (Persons in April)","2013","0 - 4 years","Both sexes","Thousand","353"
"Population Estimates (Persons in April)","2013","0 - 4 years","Male","Thousand","180"
"Population Estimates (Persons in April)","2013","0 - 4 years","Female","Thousand","173.1"
"Population Estimates (Persons in April)","2013","0 - 14 years","Both sexes","Thousand","993.9"
"Population Estimates (Persons in April)","2013","0 - 14 years","Male","Thousand","507.8"
"Population Estimates (Persons in April)","2013","0 - 14 years","Female","Thousand","486.2"
"Population Estimates (Persons in April)","2013","1 - 4 years","Both sexes","Thousand","284.4"
"Population Estimates (Persons in April)","2013","1 - 4 years","Male","Thousand","144.9"
"Population Estimates (Persons in April)","2013","1 - 4 years","Female","Thousand","277.3"
"Population Estimates (Persons in April)","2013","5 - 9 years","Both sexes","Thousand","333"
"Population Estimates (Persons in April)","2013","5 - 9 years","Male","Thousand","170.7"
"Population Estimates (Persons in April)","2013","5 - 9 years","Female","Thousand","162.3"
"Population Estimates (Persons in April)","2013","10 - 14 years","Both sexes","Thousand","307.9"
"Population Estimates (Persons in April)","2013","10 - 14 years","Male","Thousand","157.1"
"Population Estimates (Persons in April)","2013","10 - 14 years","Female","Thousand","150.8"
"Population Estimates (Persons in April)","2013","15 - 19 years","Both sexes","Thousand","284.4"
"Population Estimates (Persons in April)","2013","15 - 19 years","Male","Thousand","145.9"
"Population Estimates (Persons in April)","2013","15 - 19 years","Female","Thousand","138.5"
"Population Estimates (Persons in April)","2013","15 - 24 years","Both sexes","Thousand","563.3"
"Population Estimates (Persons in April)","2013","15 - 24 years","Male","Thousand","286"
"Population Estimates (Persons in April)","2013","15 - 24 years","Female","Thousand","277.3"
"Population Estimates (Persons in April)","2013","15 years and over","Both sexes","Thousand","3620.8"
"Population Estimates (Persons in April)","2013","15 years and over","Male","Thousand","1778.4"
"Population Estimates (Persons in April)","2013","15 years and over","Female","Thousand","1842.4"
"Population Estimates (Persons in April)","2013","20 - 24 years","Both sexes","Thousand","278.9"
"Population Estimates (Persons in April)","2013","20 - 24 years","Male","Thousand","140.1"
"Population Estimates (Persons in April)","2013","20 - 24 years","Female","Thousand","138.8"
"Population Estimates (Persons in April)","2013","25 - 29 years","Both sexes","Thousand","321.8"
"Population Estimates (Persons in April)","2013","25 - 29 years","Male","Thousand","154.7"
"Population Estimates (Persons in April)","2013","25 - 29 years","Female","Thousand","167.1"
"Population Estimates (Persons in April)","2013","25 - 44 years","Both sexes","Thousand","1421.1"
"Population Estimates (Persons in April)","2013","25 - 44 years","Male","Thousand","699"
"Population Estimates (Persons in April)","2013","25 - 44 years","Female","Thousand","722.1"
"Population Estimates (Persons in April)","2013","30 - 34 years","Both sexes","Thousand","391.4"
"Population Estimates (Persons in April)","2013","30 - 34 years","Male","Thousand","190.7"
"Population Estimates (Persons in April)","2013","30 - 34 years","Female","Thousand","200.6"
"Population Estimates (Persons in April)","2013","35 - 39 years","Both sexes","Thousand","366.8"
"Population Estimates (Persons in April)","2013","35 - 39 years","Male","Thousand","182.7"
"Population Estimates (Persons in April)","2013","35 - 39 years","Female","Thousand","184.2"
"Population Estimates (Persons in April)","2013","40 - 44 years","Both sexes","Thousand","341"
"Population Estimates (Persons in April)","2013","40 - 44 years","Male","Thousand","170.9"
"Population Estimates (Persons in April)","2013","40 - 44 years","Female","Thousand","170.1"
"Population Estimates (Persons in April)","2013","45 - 49 years","Both sexes","Thousand","310.1"
"Population Estimates (Persons in April)","2013","45 - 49 years","Male","Thousand","154.4"
"Population Estimates (Persons in April)","2013","45 - 49 years","Female","Thousand","155.7"
"Population Estimates (Persons in April)","2013","45 - 64 years","Both sexes","Thousand","1067.2"
"Population Estimates (Persons in April)","2013","45 - 64 years","Male","Thousand","531.7"
"Population Estimates (Persons in April)","2013","45 - 64 years","Female","Thousand","535.5"
"Population Estimates (Persons in April)","2013","50 - 54 years","Both sexes","Thousand","282.8"
"Population Estimates (Persons in April)","2013","50 - 54 years","Male","Thousand","140.6"
"Population Estimates (Persons in April)","2013","50 - 54 years","Female","Thousand","142.2"
"Population Estimates (Persons in April)","2013","55 - 59 years","Both sexes","Thousand","251.1"
"Population Estimates (Persons in April)","2013","55 - 59 years","Male","Thousand","125.1"
"Population Estimates (Persons in April)","2013","55 - 59 years","Female","Thousand","126"
"Population Estimates (Persons in April)","2013","60 - 64 years","Both sexes","Thousand","223.2"
"Population Estimates (Persons in April)","2013","60 - 64 years","Male","Thousand","111.5"
"Population Estimates (Persons in April)","2013","60 - 64 years","Female","Thousand","111.7"
"Population Estimates (Persons in April)","2013","65 - 69 years","Both sexes","Thousand","190"
"Population Estimates (Persons in April)","2013","65 - 69 years","Male","Thousand","94.9"
"Population Estimates (Persons in April)","2013","65 - 69 years","Female","Thousand","95.1"
"Population Estimates (Persons in April)","2013","65 years and over","Both sexes","Thousand","569.2"
"Population Estimates (Persons in April)","2013","65 years and over","Male","Thousand","261.7"
"Population Estimates (Persons in April)","2013","65 years and over","Female","Thousand","307.5"
"Population Estimates (Persons in April)","2013","70 - 74 years","Both sexes","Thousand","138.7"
"Population Estimates (Persons in April)","2013","70 - 74 years","Male","Thousand","67.4"
"Population Estimates (Persons in April)","2013","70 - 74 years","Female","Thousand","71.3"
"Population Estimates (Persons in April)","2013","75 - 79 years","Both sexes","Thousand","106.4"
"Population Estimates (Persons in April)","2013","75 - 79 years","Male","Thousand","49.2"
"Population Estimates (Persons in April)","2013","75 - 79 years","Female","Thousand","57.2"
"Population Estimates (Persons in April)","2013","80 - 84 years","Both sexes","Thousand","73.4"
"Population Estimates (Persons in April)","2013","80 - 84 years","Male","Thousand","30.8"
"Population Estimates (Persons in April)","2013","80 - 84 years","Female","Thousand","42.5"
"Population Estimates (Persons in April)","2013","85 years and over","Both sexes","Thousand","60.7"
"Population Estimates (Persons in April)","2013","85 years and over","Male","Thousand","19.3"
"Population Estimates (Persons in April)","2013","85 years and over","Female","Thousand","41.4"
"Population Estimates (Persons in April)","2013","All ages","Both sexes","Thousand","4614.7"
"Population Estimates (Persons in April)","2013","All ages","Male","Thousand","2286.1"
"Population Estimates (Persons in April)","2013","All ages","Female","Thousand","2328.5"
"Population Estimates (Persons in April)","2014","Under 1 year","Both sexes","Thousand","66.9"
"Population Estimates (Persons in April)","2014","Under 1 year","Male","Thousand","34"
"Population Estimates (Persons in April)","2014","Under 1 year","Female","Thousand","32.6"
"Population Estimates (Persons in April)","2014","0 - 4 years","Both sexes","Thousand","345.4"
"Population Estimates (Persons in April)","2014","0 - 4 years","Male","Thousand","176"
"Population Estimates (Persons in April)","2014","0 - 4 years","Female","Thousand","169.3"
"Population Estimates (Persons in April)","2014","0 - 14 years","Both sexes","Thousand","997.5"
"Population Estimates (Persons in April)","2014","0 - 14 years","Male","Thousand","509.6"
"Population Estimates (Persons in April)","2014","0 - 14 years","Female","Thousand","487.9"
"Population Estimates (Persons in April)","2014","1 - 4 years","Both sexes","Thousand","278.4"
"Population Estimates (Persons in April)","2014","1 - 4 years","Male","Thousand","141.7"
"Population Estimates (Persons in April)","2014","1 - 4 years","Female","Thousand","278.7"
"Population Estimates (Persons in April)","2014","5 - 9 years","Both sexes","Thousand","342.1"
"Population Estimates (Persons in April)","2014","5 - 9 years","Male","Thousand","175.1"
"Population Estimates (Persons in April)","2014","5 - 9 years","Female","Thousand","167"
"Population Estimates (Persons in April)","2014","10 - 14 years","Both sexes","Thousand","310.1"
"Population Estimates (Persons in April)","2014","10 - 14 years","Male","Thousand","158.4"
"Population Estimates (Persons in April)","2014","10 - 14 years","Female","Thousand","151.6"
"Population Estimates (Persons in April)","2014","15 - 19 years","Both sexes","Thousand","290.6"
"Population Estimates (Persons in April)","2014","15 - 19 years","Male","Thousand","149.1"
"Population Estimates (Persons in April)","2014","15 - 19 years","Female","Thousand","141.4"
"Population Estimates (Persons in April)","2014","15 - 24 years","Both sexes","Thousand","567.2"
"Population Estimates (Persons in April)","2014","15 - 24 years","Male","Thousand","288.5"
"Population Estimates (Persons in April)","2014","15 - 24 years","Female","Thousand","278.7"
"Population Estimates (Persons in April)","2014","15 years and over","Both sexes","Thousand","3647.9"
"Population Estimates (Persons in April)","2014","15 years and over","Male","Thousand","1789.5"
"Population Estimates (Persons in April)","2014","15 years and over","Female","Thousand","1858.5"
"Population Estimates (Persons in April)","2014","20 - 24 years","Both sexes","Thousand","276.6"
"Population Estimates (Persons in April)","2014","20 - 24 years","Male","Thousand","139.4"
"Population Estimates (Persons in April)","2014","20 - 24 years","Female","Thousand","137.3"
"Population Estimates (Persons in April)","2014","25 - 29 years","Both sexes","Thousand","305.9"
"Population Estimates (Persons in April)","2014","25 - 29 years","Male","Thousand","147.2"
"Population Estimates (Persons in April)","2014","25 - 29 years","Female","Thousand","158.7"
"Population Estimates (Persons in April)","2014","25 - 44 years","Both sexes","Thousand","1407.3"
"Population Estimates (Persons in April)","2014","25 - 44 years","Male","Thousand","688.8"
"Population Estimates (Persons in April)","2014","25 - 44 years","Female","Thousand","718.5"
"Population Estimates (Persons in April)","2014","30 - 34 years","Both sexes","Thousand","382.5"
"Population Estimates (Persons in April)","2014","30 - 34 years","Male","Thousand","184.9"
"Population Estimates (Persons in April)","2014","30 - 34 years","Female","Thousand","197.6"
"Population Estimates (Persons in April)","2014","35 - 39 years","Both sexes","Thousand","371.6"
"Population Estimates (Persons in April)","2014","35 - 39 years","Male","Thousand","183.8"
"Population Estimates (Persons in April)","2014","35 - 39 years","Female","Thousand","187.8"
"Population Estimates (Persons in April)","2014","40 - 44 years","Both sexes","Thousand","347.4"
"Population Estimates (Persons in April)","2014","40 - 44 years","Male","Thousand","172.9"
"Population Estimates (Persons in April)","2014","40 - 44 years","Female","Thousand","174.4"
"Population Estimates (Persons in April)","2014","45 - 49 years","Both sexes","Thousand","312.6"
"Population Estimates (Persons in April)","2014","45 - 49 years","Male","Thousand","156.1"
"Population Estimates (Persons in April)","2014","45 - 49 years","Female","Thousand","156.5"
"Population Estimates (Persons in April)","2014","45 - 64 years","Both sexes","Thousand","1083.9"
"Population Estimates (Persons in April)","2014","45 - 64 years","Male","Thousand","539.6"
"Population Estimates (Persons in April)","2014","45 - 64 years","Female","Thousand","544.3"
"Population Estimates (Persons in April)","2014","50 - 54 years","Both sexes","Thousand","289.2"
"Population Estimates (Persons in April)","2014","50 - 54 years","Male","Thousand","143.4"
"Population Estimates (Persons in April)","2014","50 - 54 years","Female","Thousand","145.8"
"Population Estimates (Persons in April)","2014","55 - 59 years","Both sexes","Thousand","255.7"
"Population Estimates (Persons in April)","2014","55 - 59 years","Male","Thousand","127.2"
"Population Estimates (Persons in April)","2014","55 - 59 years","Female","Thousand","128.5"
"Population Estimates (Persons in April)","2014","60 - 64 years","Both sexes","Thousand","226.4"
"Population Estimates (Persons in April)","2014","60 - 64 years","Male","Thousand","112.9"
"Population Estimates (Persons in April)","2014","60 - 64 years","Female","Thousand","113.4"
"Population Estimates (Persons in April)","2014","65 - 69 years","Both sexes","Thousand","197.2"
"Population Estimates (Persons in April)","2014","65 - 69 years","Male","Thousand","98.5"
"Population Estimates (Persons in April)","2014","65 - 69 years","Female","Thousand","98.7"
"Population Estimates (Persons in April)","2014","65 years and over","Both sexes","Thousand","589.5"
"Population Estimates (Persons in April)","2014","65 years and over","Male","Thousand","272.5"
"Population Estimates (Persons in April)","2014","65 years and over","Female","Thousand","317"
"Population Estimates (Persons in April)","2014","70 - 74 years","Both sexes","Thousand","144.4"
"Population Estimates (Persons in April)","2014","70 - 74 years","Male","Thousand","70.4"
"Population Estimates (Persons in April)","2014","70 - 74 years","Female","Thousand","74"
"Population Estimates (Persons in April)","2014","75 - 79 years","Both sexes","Thousand","109.1"
"Population Estimates (Persons in April)","2014","75 - 79 years","Male","Thousand","50.7"
"Population Estimates (Persons in April)","2014","75 - 79 years","Female","Thousand","58.4"
"Population Estimates (Persons in April)","2014","80 - 84 years","Both sexes","Thousand","76.1"
"Population Estimates (Persons in April)","2014","80 - 84 years","Male","Thousand","32.6"
"Population Estimates (Persons in April)","2014","80 - 84 years","Female","Thousand","43.5"
"Population Estimates (Persons in April)","2014","85 years and over","Both sexes","Thousand","62.7"
"Population Estimates (Persons in April)","2014","85 years and over","Male","Thousand","20.3"
"Population Estimates (Persons in April)","2014","85 years and over","Female","Thousand","42.4"
"Population Estimates (Persons in April)","2014","All ages","Both sexes","Thousand","4645.4"
"Population Estimates (Persons in April)","2014","All ages","Male","Thousand","2299"
"Population Estimates (Persons in April)","2014","All ages","Female","Thousand","2346.4"
"Population Estimates (Persons in April)","2015","Under 1 year","Both sexes","Thousand","64.2"
"Population Estimates (Persons in April)","2015","Under 1 year","Male","Thousand","33"
"Population Estimates (Persons in April)","2015","Under 1 year","Female","Thousand","31.4"
"Population Estimates (Persons in April)","2015","0 - 4 years","Both sexes","Thousand","337.9"
"Population Estimates (Persons in April)","2015","0 - 4 years","Male","Thousand","172.4"
"Population Estimates (Persons in April)","2015","0 - 4 years","Female","Thousand","165.6"
"Population Estimates (Persons in April)","2015","0 - 14 years","Both sexes","Thousand","1001.7"
"Population Estimates (Persons in April)","2015","0 - 14 years","Male","Thousand","511.8"
"Population Estimates (Persons in April)","2015","0 - 14 years","Female","Thousand","490"
"Population Estimates (Persons in April)","2015","1 - 4 years","Both sexes","Thousand","273.8"
"Population Estimates (Persons in April)","2015","1 - 4 years","Male","Thousand","139.6"
"Population Estimates (Persons in April)","2015","1 - 4 years","Female","Thousand","279.7"
"Population Estimates (Persons in April)","2015","5 - 9 years","Both sexes","Thousand","349.3"
"Population Estimates (Persons in April)","2015","5 - 9 years","Male","Thousand","178.5"
"Population Estimates (Persons in April)","2015","5 - 9 years","Female","Thousand","170.8"
"Population Estimates (Persons in April)","2015","10 - 14 years","Both sexes","Thousand","314.4"
"Population Estimates (Persons in April)","2015","10 - 14 years","Male","Thousand","160.9"
"Population Estimates (Persons in April)","2015","10 - 14 years","Female","Thousand","153.6"
"Population Estimates (Persons in April)","2015","15 - 19 years","Both sexes","Thousand","296.1"
"Population Estimates (Persons in April)","2015","15 - 19 years","Male","Thousand","152"
"Population Estimates (Persons in April)","2015","15 - 19 years","Female","Thousand","144.1"
"Population Estimates (Persons in April)","2015","15 - 24 years","Both sexes","Thousand","571.6"
"Population Estimates (Persons in April)","2015","15 - 24 years","Male","Thousand","291.9"
"Population Estimates (Persons in April)","2015","15 - 24 years","Female","Thousand","279.7"
"Population Estimates (Persons in April)","2015","15 years and over","Both sexes","Thousand","3686.1"
"Population Estimates (Persons in April)","2015","15 years and over","Male","Thousand","1806"
"Population Estimates (Persons in April)","2015","15 years and over","Female","Thousand","1880.1"
"Population Estimates (Persons in April)","2015","20 - 24 years","Both sexes","Thousand","275.5"
"Population Estimates (Persons in April)","2015","20 - 24 years","Male","Thousand","139.9"
"Population Estimates (Persons in April)","2015","20 - 24 years","Female","Thousand","135.6"
"Population Estimates (Persons in April)","2015","25 - 29 years","Both sexes","Thousand","298.7"
"Population Estimates (Persons in April)","2015","25 - 29 years","Male","Thousand","143.7"
"Population Estimates (Persons in April)","2015","25 - 29 years","Female","Thousand","155"
"Population Estimates (Persons in April)","2015","25 - 44 years","Both sexes","Thousand","1400.6"
"Population Estimates (Persons in April)","2015","25 - 44 years","Male","Thousand","682.5"
"Population Estimates (Persons in April)","2015","25 - 44 years","Female","Thousand","718.1"
"Population Estimates (Persons in April)","2015","30 - 34 years","Both sexes","Thousand","369.2"
"Population Estimates (Persons in April)","2015","30 - 34 years","Male","Thousand","177"
"Population Estimates (Persons in April)","2015","30 - 34 years","Female","Thousand","192.2"
"Population Estimates (Persons in April)","2015","35 - 39 years","Both sexes","Thousand","379.8"
"Population Estimates (Persons in April)","2015","35 - 39 years","Male","Thousand","186.9"
"Population Estimates (Persons in April)","2015","35 - 39 years","Female","Thousand","192.9"
"Population Estimates (Persons in April)","2015","40 - 44 years","Both sexes","Thousand","353"
"Population Estimates (Persons in April)","2015","40 - 44 years","Male","Thousand","175"
"Population Estimates (Persons in April)","2015","40 - 44 years","Female","Thousand","178"
"Population Estimates (Persons in April)","2015","45 - 49 years","Both sexes","Thousand","317"
"Population Estimates (Persons in April)","2015","45 - 49 years","Male","Thousand","158.4"
"Population Estimates (Persons in April)","2015","45 - 49 years","Female","Thousand","158.6"
"Population Estimates (Persons in April)","2015","45 - 64 years","Both sexes","Thousand","1103.6"
"Population Estimates (Persons in April)","2015","45 - 64 years","Male","Thousand","548.7"
"Population Estimates (Persons in April)","2015","45 - 64 years","Female","Thousand","554.9"
"Population Estimates (Persons in April)","2015","50 - 54 years","Both sexes","Thousand","295.2"
"Population Estimates (Persons in April)","2015","50 - 54 years","Male","Thousand","146.1"
"Population Estimates (Persons in April)","2015","50 - 54 years","Female","Thousand","149.1"
"Population Estimates (Persons in April)","2015","55 - 59 years","Both sexes","Thousand","260.6"
"Population Estimates (Persons in April)","2015","55 - 59 years","Male","Thousand","129.3"
"Population Estimates (Persons in April)","2015","55 - 59 years","Female","Thousand","131.3"
"Population Estimates (Persons in April)","2015","60 - 64 years","Both sexes","Thousand","230.8"
"Population Estimates (Persons in April)","2015","60 - 64 years","Male","Thousand","115"
"Population Estimates (Persons in April)","2015","60 - 64 years","Female","Thousand","115.9"
"Population Estimates (Persons in April)","2015","65 - 69 years","Both sexes","Thousand","203.6"
"Population Estimates (Persons in April)","2015","65 - 69 years","Male","Thousand","101.2"
"Population Estimates (Persons in April)","2015","65 - 69 years","Female","Thousand","102.3"
"Population Estimates (Persons in April)","2015","65 years and over","Both sexes","Thousand","610.3"
"Population Estimates (Persons in April)","2015","65 years and over","Male","Thousand","282.8"
"Population Estimates (Persons in April)","2015","65 years and over","Female","Thousand","327.4"
"Population Estimates (Persons in April)","2015","70 - 74 years","Both sexes","Thousand","150.8"
"Population Estimates (Persons in April)","2015","70 - 74 years","Male","Thousand","73.6"
"Population Estimates (Persons in April)","2015","70 - 74 years","Female","Thousand","77.2"
"Population Estimates (Persons in April)","2015","75 - 79 years","Both sexes","Thousand","112.2"
"Population Estimates (Persons in April)","2015","75 - 79 years","Male","Thousand","52.4"
"Population Estimates (Persons in April)","2015","75 - 79 years","Female","Thousand","59.7"
"Population Estimates (Persons in April)","2015","80 - 84 years","Both sexes","Thousand","78.8"
"Population Estimates (Persons in April)","2015","80 - 84 years","Male","Thousand","34.1"
"Population Estimates (Persons in April)","2015","80 - 84 years","Female","Thousand","44.7"
"Population Estimates (Persons in April)","2015","85 years and over","Both sexes","Thousand","64.9"
"Population Estimates (Persons in April)","2015","85 years and over","Male","Thousand","21.4"
"Population Estimates (Persons in April)","2015","85 years and over","Female","Thousand","43.5"
"Population Estimates (Persons in April)","2015","All ages","Both sexes","Thousand","4687.8"
"Population Estimates (Persons in April)","2015","All ages","Male","Thousand","2317.7"
"Population Estimates (Persons in April)","2015","All ages","Female","Thousand","2370.1"
"Population Estimates (Persons in April)","2016","Under 1 year","Both sexes","Thousand","62.2"
"Population Estimates (Persons in April)","2016","Under 1 year","Male","Thousand","32"
"Population Estimates (Persons in April)","2016","Under 1 year","Female","Thousand","30.4"
"Population Estimates (Persons in April)","2016","0 - 4 years","Both sexes","Thousand","331.4"
"Population Estimates (Persons in April)","2016","0 - 4 years","Male","Thousand","169.7"
"Population Estimates (Persons in April)","2016","0 - 4 years","Female","Thousand","161.7"
"Population Estimates (Persons in April)","2016","0 - 14 years","Both sexes","Thousand","1005.5"
"Population Estimates (Persons in April)","2016","0 - 14 years","Male","Thousand","514.2"
"Population Estimates (Persons in April)","2016","0 - 14 years","Female","Thousand","491.3"
"Population Estimates (Persons in April)","2016","1 - 4 years","Both sexes","Thousand","269.2"
"Population Estimates (Persons in April)","2016","1 - 4 years","Male","Thousand","137.8"
"Population Estimates (Persons in April)","2016","1 - 4 years","Female","Thousand","281.9"
"Population Estimates (Persons in April)","2016","5 - 9 years","Both sexes","Thousand","355.3"
"Population Estimates (Persons in April)","2016","5 - 9 years","Male","Thousand","181.4"
"Population Estimates (Persons in April)","2016","5 - 9 years","Female","Thousand","173.9"
"Population Estimates (Persons in April)","2016","10 - 14 years","Both sexes","Thousand","318.9"
"Population Estimates (Persons in April)","2016","10 - 14 years","Male","Thousand","163.1"
"Population Estimates (Persons in April)","2016","10 - 14 years","Female","Thousand","155.7"
"Population Estimates (Persons in April)","2016","15 - 19 years","Both sexes","Thousand","301.2"
"Population Estimates (Persons in April)","2016","15 - 19 years","Male","Thousand","154.4"
"Population Estimates (Persons in April)","2016","15 - 19 years","Female","Thousand","146.9"
"Population Estimates (Persons in April)","2016","15 - 24 years","Both sexes","Thousand","574.7"
"Population Estimates (Persons in April)","2016","15 - 24 years","Male","Thousand","292.8"
"Population Estimates (Persons in April)","2016","15 - 24 years","Female","Thousand","281.9"
"Population Estimates (Persons in April)","2016","15 years and over","Both sexes","Thousand","3734.1"
"Population Estimates (Persons in April)","2016","15 years and over","Male","Thousand","1832.4"
"Population Estimates (Persons in April)","2016","15 years and over","Female","Thousand","1901.7"
"Population Estimates (Persons in April)","2016","20 - 24 years","Both sexes","Thousand","273.5"
"Population Estimates (Persons in April)","2016","20 - 24 years","Male","Thousand","138.4"
"Population Estimates (Persons in April)","2016","20 - 24 years","Female","Thousand","135.1"
"Population Estimates (Persons in April)","2016","25 - 29 years","Both sexes","Thousand","296.7"
"Population Estimates (Persons in April)","2016","25 - 29 years","Male","Thousand","145.2"
"Population Estimates (Persons in April)","2016","25 - 29 years","Female","Thousand","151.5"
"Population Estimates (Persons in April)","2016","25 - 44 years","Both sexes","Thousand","1401.5"
"Population Estimates (Persons in April)","2016","25 - 44 years","Male","Thousand","685.4"
"Population Estimates (Persons in April)","2016","25 - 44 years","Female","Thousand","716.1"
"Population Estimates (Persons in April)","2016","30 - 34 years","Both sexes","Thousand","360.3"
"Population Estimates (Persons in April)","2016","30 - 34 years","Male","Thousand","172.5"
"Population Estimates (Persons in April)","2016","30 - 34 years","Female","Thousand","187.8"
"Population Estimates (Persons in April)","2016","35 - 39 years","Both sexes","Thousand","388.1"
"Population Estimates (Persons in April)","2016","35 - 39 years","Male","Thousand","190.6"
"Population Estimates (Persons in April)","2016","35 - 39 years","Female","Thousand","197.5"
"Population Estimates (Persons in April)","2016","40 - 44 years","Both sexes","Thousand","356.5"
"Population Estimates (Persons in April)","2016","40 - 44 years","Male","Thousand","177.2"
"Population Estimates (Persons in April)","2016","40 - 44 years","Female","Thousand","179.3"
"Population Estimates (Persons in April)","2016","45 - 49 years","Both sexes","Thousand","324.9"
"Population Estimates (Persons in April)","2016","45 - 49 years","Male","Thousand","162.5"
"Population Estimates (Persons in April)","2016","45 - 49 years","Female","Thousand","162.4"
"Population Estimates (Persons in April)","2016","45 - 64 years","Both sexes","Thousand","1128"
"Population Estimates (Persons in April)","2016","45 - 64 years","Male","Thousand","561"
"Population Estimates (Persons in April)","2016","45 - 64 years","Female","Thousand","567"
"Population Estimates (Persons in April)","2016","50 - 54 years","Both sexes","Thousand","298.4"
"Population Estimates (Persons in April)","2016","50 - 54 years","Male","Thousand","147.7"
"Population Estimates (Persons in April)","2016","50 - 54 years","Female","Thousand","150.8"
"Population Estimates (Persons in April)","2016","55 - 59 years","Both sexes","Thousand","268.2"
"Population Estimates (Persons in April)","2016","55 - 59 years","Male","Thousand","133.1"
"Population Estimates (Persons in April)","2016","55 - 59 years","Female","Thousand","135.1"
"Population Estimates (Persons in April)","2016","60 - 64 years","Both sexes","Thousand","236.5"
"Population Estimates (Persons in April)","2016","60 - 64 years","Male","Thousand","117.7"
"Population Estimates (Persons in April)","2016","60 - 64 years","Female","Thousand","118.7"
"Population Estimates (Persons in April)","2016","65 - 69 years","Both sexes","Thousand","208"
"Population Estimates (Persons in April)","2016","65 - 69 years","Male","Thousand","103.4"
"Population Estimates (Persons in April)","2016","65 - 69 years","Female","Thousand","104.5"
"Population Estimates (Persons in April)","2016","65 years and over","Both sexes","Thousand","629.8"
"Population Estimates (Persons in April)","2016","65 years and over","Male","Thousand","293.2"
"Population Estimates (Persons in April)","2016","65 years and over","Female","Thousand","336.6"
"Population Estimates (Persons in April)","2016","70 - 74 years","Both sexes","Thousand","159.9"
"Population Estimates (Persons in April)","2016","70 - 74 years","Male","Thousand","78.4"
"Population Estimates (Persons in April)","2016","70 - 74 years","Female","Thousand","81.6"
"Population Estimates (Persons in April)","2016","75 - 79 years","Both sexes","Thousand","114.2"
"Population Estimates (Persons in April)","2016","75 - 79 years","Male","Thousand","53.5"
"Population Estimates (Persons in April)","2016","75 - 79 years","Female","Thousand","60.7"
"Population Estimates (Persons in April)","2016","80 - 84 years","Both sexes","Thousand","80.5"
"Population Estimates (Persons in April)","2016","80 - 84 years","Male","Thousand","34.9"
"Population Estimates (Persons in April)","2016","80 - 84 years","Female","Thousand","45.5"
"Population Estimates (Persons in April)","2016","85 years and over","Both sexes","Thousand","67.3"
"Population Estimates (Persons in April)","2016","85 years and over","Male","Thousand","23"
"Population Estimates (Persons in April)","2016","85 years and over","Female","Thousand","44.4"
"Population Estimates (Persons in April)","2016","All ages","Both sexes","Thousand","4739.6"
"Population Estimates (Persons in April)","2016","All ages","Male","Thousand","2346.5"
"Population Estimates (Persons in April)","2016","All ages","Female","Thousand","2393.1"
"Population Estimates (Persons in April)","2017","Under 1 year","Both sexes","Thousand","63.5"
"Population Estimates (Persons in April)","2017","Under 1 year","Male","Thousand","32.4"
"Population Estimates (Persons in April)","2017","Under 1 year","Female","Thousand","31"
"Population Estimates (Persons in April)","2017","0 - 4 years","Both sexes","Thousand","325"
"Population Estimates (Persons in April)","2017","0 - 4 years","Male","Thousand","166.2"
"Population Estimates (Persons in April)","2017","0 - 4 years","Female","Thousand","158.8"
"Population Estimates (Persons in April)","2017","0 - 14 years","Both sexes","Thousand","1010.4"
"Population Estimates (Persons in April)","2017","0 - 14 years","Male","Thousand","516.4"
"Population Estimates (Persons in April)","2017","0 - 14 years","Female","Thousand","494"
"Population Estimates (Persons in April)","2017","1 - 4 years","Both sexes","Thousand","261.5"
"Population Estimates (Persons in April)","2017","1 - 4 years","Male","Thousand","133.7"
"Population Estimates (Persons in April)","2017","1 - 4 years","Female","Thousand","127.8"
"Population Estimates (Persons in April)","2017","5 - 9 years","Both sexes","Thousand","360.7"
"Population Estimates (Persons in April)","2017","5 - 9 years","Male","Thousand","184"
"Population Estimates (Persons in April)","2017","5 - 9 years","Female","Thousand","176.7"
"Population Estimates (Persons in April)","2017","10 - 14 years","Both sexes","Thousand","324.7"
"Population Estimates (Persons in April)","2017","10 - 14 years","Male","Thousand","166.2"
"Population Estimates (Persons in April)","2017","10 - 14 years","Female","Thousand","158.4"
"Population Estimates (Persons in April)","2017","15 - 19 years","Both sexes","Thousand","309.6"
"Population Estimates (Persons in April)","2017","15 - 19 years","Male","Thousand","158.1"
"Population Estimates (Persons in April)","2017","15 - 19 years","Female","Thousand","151.5"
"Population Estimates (Persons in April)","2017","15 - 24 years","Both sexes","Thousand","587"
"Population Estimates (Persons in April)","2017","15 - 24 years","Male","Thousand","299"
"Population Estimates (Persons in April)","2017","15 - 24 years","Female","Thousand","288"
"Population Estimates (Persons in April)","2017","15 years and over","Both sexes","Thousand","3800.5"
"Population Estimates (Persons in April)","2017","15 years and over","Male","Thousand","1864.4"
"Population Estimates (Persons in April)","2017","15 years and over","Female","Thousand","1936.1"
"Population Estimates (Persons in April)","2017","20 - 24 years","Both sexes","Thousand","277.4"
"Population Estimates (Persons in April)","2017","20 - 24 years","Male","Thousand","140.9"
"Population Estimates (Persons in April)","2017","20 - 24 years","Female","Thousand","136.5"
"Population Estimates (Persons in April)","2017","25 - 29 years","Both sexes","Thousand","294"
"Population Estimates (Persons in April)","2017","25 - 29 years","Male","Thousand","145.2"
"Population Estimates (Persons in April)","2017","25 - 29 years","Female","Thousand","148.7"
"Population Estimates (Persons in April)","2017","25 - 44 years","Both sexes","Thousand","1403.3"
"Population Estimates (Persons in April)","2017","25 - 44 years","Male","Thousand","685.7"
"Population Estimates (Persons in April)","2017","25 - 44 years","Female","Thousand","717.5"
"Population Estimates (Persons in April)","2017","30 - 34 years","Both sexes","Thousand","349.2"
"Population Estimates (Persons in April)","2017","30 - 34 years","Male","Thousand","167.1"
"Population Estimates (Persons in April)","2017","30 - 34 years","Female","Thousand","182.1"
"Population Estimates (Persons in April)","2017","35 - 39 years","Both sexes","Thousand","396.1"
"Population Estimates (Persons in April)","2017","35 - 39 years","Male","Thousand","193.2"
"Population Estimates (Persons in April)","2017","35 - 39 years","Female","Thousand","203"
"Population Estimates (Persons in April)","2017","40 - 44 years","Both sexes","Thousand","364"
"Population Estimates (Persons in April)","2017","40 - 44 years","Male","Thousand","180.2"
"Population Estimates (Persons in April)","2017","40 - 44 years","Female","Thousand","183.8"
"Population Estimates (Persons in April)","2017","45 - 49 years","Both sexes","Thousand","334.6"
"Population Estimates (Persons in April)","2017","45 - 49 years","Male","Thousand","167"
"Population Estimates (Persons in April)","2017","45 - 49 years","Female","Thousand","167.6"
"Population Estimates (Persons in April)","2017","45 - 64 years","Both sexes","Thousand","1157.9"
"Population Estimates (Persons in April)","2017","45 - 64 years","Male","Thousand","574.9"
"Population Estimates (Persons in April)","2017","45 - 64 years","Female","Thousand","583"
"Population Estimates (Persons in April)","2017","50 - 54 years","Both sexes","Thousand","304.5"
"Population Estimates (Persons in April)","2017","50 - 54 years","Male","Thousand","150.6"
"Population Estimates (Persons in April)","2017","50 - 54 years","Female","Thousand","153.9"
"Population Estimates (Persons in April)","2017","55 - 59 years","Both sexes","Thousand","275.2"
"Population Estimates (Persons in April)","2017","55 - 59 years","Male","Thousand","136.3"
"Population Estimates (Persons in April)","2017","55 - 59 years","Female","Thousand","138.9"
"Population Estimates (Persons in April)","2017","60 - 64 years","Both sexes","Thousand","243.5"
"Population Estimates (Persons in April)","2017","60 - 64 years","Male","Thousand","121"
"Population Estimates (Persons in April)","2017","60 - 64 years","Female","Thousand","122.5"
"Population Estimates (Persons in April)","2017","65 - 69 years","Both sexes","Thousand","212.7"
"Population Estimates (Persons in April)","2017","65 - 69 years","Male","Thousand","105.5"
"Population Estimates (Persons in April)","2017","65 - 69 years","Female","Thousand","107.1"
"Population Estimates (Persons in April)","2017","65 years and over","Both sexes","Thousand","652.4"
"Population Estimates (Persons in April)","2017","65 years and over","Male","Thousand","304.8"
"Population Estimates (Persons in April)","2017","65 years and over","Female","Thousand","347.6"
"Population Estimates (Persons in April)","2017","70 - 74 years","Both sexes","Thousand","170.1"
"Population Estimates (Persons in April)","2017","70 - 74 years","Male","Thousand","83.3"
"Population Estimates (Persons in April)","2017","70 - 74 years","Female","Thousand","86.7"
"Population Estimates (Persons in April)","2017","75 - 79 years","Both sexes","Thousand","117.3"
"Population Estimates (Persons in April)","2017","75 - 79 years","Male","Thousand","55.3"
"Population Estimates (Persons in April)","2017","75 - 79 years","Female","Thousand","62"
"Population Estimates (Persons in April)","2017","80 - 84 years","Both sexes","Thousand","83.2"
"Population Estimates (Persons in April)","2017","80 - 84 years","Male","Thousand","36.4"
"Population Estimates (Persons in April)","2017","80 - 84 years","Female","Thousand","46.8"
"Population Estimates (Persons in April)","2017","85 years and over","Both sexes","Thousand","69.1"
"Population Estimates (Persons in April)","2017","85 years and over","Male","Thousand","24.2"
"Population Estimates (Persons in April)","2017","85 years and over","Female","Thousand","45"
"Population Estimates (Persons in April)","2017","All ages","Both sexes","Thousand","4810.9"
"Population Estimates (Persons in April)","2017","All ages","Male","Thousand","2380.8"
"Population Estimates (Persons in April)","2017","All ages","Female","Thousand","2430.1"
"Population Estimates (Persons in April)","2018","Under 1 year","Both sexes","Thousand","61.7"
"Population Estimates (Persons in April)","2018","Under 1 year","Male","Thousand","31.7"
"Population Estimates (Persons in April)","2018","Under 1 year","Female","Thousand","30"
"Population Estimates (Persons in April)","2018","0 - 4 years","Both sexes","Thousand","320"
"Population Estimates (Persons in April)","2018","0 - 4 years","Male","Thousand","163.9"
"Population Estimates (Persons in April)","2018","0 - 4 years","Female","Thousand","156.1"
"Population Estimates (Persons in April)","2018","0 - 14 years","Both sexes","Thousand","1014.4"
"Population Estimates (Persons in April)","2018","0 - 14 years","Male","Thousand","519.3"
"Population Estimates (Persons in April)","2018","0 - 14 years","Female","Thousand","495.1"
"Population Estimates (Persons in April)","2018","1 - 4 years","Both sexes","Thousand","258.3"
"Population Estimates (Persons in April)","2018","1 - 4 years","Male","Thousand","132.2"
"Population Estimates (Persons in April)","2018","1 - 4 years","Female","Thousand","126.1"
"Population Estimates (Persons in April)","2018","5 - 9 years","Both sexes","Thousand","359.6"
"Population Estimates (Persons in April)","2018","5 - 9 years","Male","Thousand","183.9"
"Population Estimates (Persons in April)","2018","5 - 9 years","Female","Thousand","175.8"
"Population Estimates (Persons in April)","2018","10 - 14 years","Both sexes","Thousand","334.8"
"Population Estimates (Persons in April)","2018","10 - 14 years","Male","Thousand","171.6"
"Population Estimates (Persons in April)","2018","10 - 14 years","Female","Thousand","163.2"
"Population Estimates (Persons in April)","2018","15 - 19 years","Both sexes","Thousand","318.1"
"Population Estimates (Persons in April)","2018","15 - 19 years","Male","Thousand","162.1"
"Population Estimates (Persons in April)","2018","15 - 19 years","Female","Thousand","156"
"Population Estimates (Persons in April)","2018","15 - 24 years","Both sexes","Thousand","609.3"
"Population Estimates (Persons in April)","2018","15 - 24 years","Male","Thousand","310.4"
"Population Estimates (Persons in April)","2018","15 - 24 years","Female","Thousand","298.8"
"Population Estimates (Persons in April)","2018","15 years and over","Both sexes","Thousand","3870.5"
"Population Estimates (Persons in April)","2018","15 years and over","Male","Thousand","1900.2"
"Population Estimates (Persons in April)","2018","15 years and over","Female","Thousand","1970.3"
"Population Estimates (Persons in April)","2018","20 - 24 years","Both sexes","Thousand","291.2"
"Population Estimates (Persons in April)","2018","20 - 24 years","Male","Thousand","148.3"
"Population Estimates (Persons in April)","2018","20 - 24 years","Female","Thousand","142.9"
"Population Estimates (Persons in April)","2018","25 - 29 years","Both sexes","Thousand","293.4"
"Population Estimates (Persons in April)","2018","25 - 29 years","Male","Thousand","146.6"
"Population Estimates (Persons in April)","2018","25 - 29 years","Female","Thousand","146.8"
"Population Estimates (Persons in April)","2018","25 - 44 years","Both sexes","Thousand","1402.8"
"Population Estimates (Persons in April)","2018","25 - 44 years","Male","Thousand","685.9"
"Population Estimates (Persons in April)","2018","25 - 44 years","Female","Thousand","716.9"
"Population Estimates (Persons in April)","2018","30 - 34 years","Both sexes","Thousand","337.7"
"Population Estimates (Persons in April)","2018","30 - 34 years","Male","Thousand","162.2"
"Population Estimates (Persons in April)","2018","30 - 34 years","Female","Thousand","175.5"
"Population Estimates (Persons in April)","2018","35 - 39 years","Both sexes","Thousand","400.6"
"Population Estimates (Persons in April)","2018","35 - 39 years","Male","Thousand","193.9"
"Population Estimates (Persons in April)","2018","35 - 39 years","Female","Thousand","206.7"
"Population Estimates (Persons in April)","2018","40 - 44 years","Both sexes","Thousand","371"
"Population Estimates (Persons in April)","2018","40 - 44 years","Male","Thousand","183.2"
"Population Estimates (Persons in April)","2018","40 - 44 years","Female","Thousand","187.9"
"Population Estimates (Persons in April)","2018","45 - 49 years","Both sexes","Thousand","343.5"
"Population Estimates (Persons in April)","2018","45 - 49 years","Male","Thousand","171.5"
"Population Estimates (Persons in April)","2018","45 - 49 years","Female","Thousand","172"
"Population Estimates (Persons in April)","2018","45 - 64 years","Both sexes","Thousand","1182"
"Population Estimates (Persons in April)","2018","45 - 64 years","Male","Thousand","586.9"
"Population Estimates (Persons in April)","2018","45 - 64 years","Female","Thousand","595.2"
"Population Estimates (Persons in April)","2018","50 - 54 years","Both sexes","Thousand","308.6"
"Population Estimates (Persons in April)","2018","50 - 54 years","Male","Thousand","153"
"Population Estimates (Persons in April)","2018","50 - 54 years","Female","Thousand","155.7"
"Population Estimates (Persons in April)","2018","55 - 59 years","Both sexes","Thousand","281.6"
"Population Estimates (Persons in April)","2018","55 - 59 years","Male","Thousand","139.2"
"Population Estimates (Persons in April)","2018","55 - 59 years","Female","Thousand","142.3"
"Population Estimates (Persons in April)","2018","60 - 64 years","Both sexes","Thousand","248.3"
"Population Estimates (Persons in April)","2018","60 - 64 years","Male","Thousand","123.2"
"Population Estimates (Persons in April)","2018","60 - 64 years","Female","Thousand","125.2"
"Population Estimates (Persons in April)","2018","65 - 69 years","Both sexes","Thousand","217.8"
"Population Estimates (Persons in April)","2018","65 - 69 years","Male","Thousand","107.8"
"Population Estimates (Persons in April)","2018","65 - 69 years","Female","Thousand","110"
"Population Estimates (Persons in April)","2018","65 years and over","Both sexes","Thousand","676.4"
"Population Estimates (Persons in April)","2018","65 years and over","Male","Thousand","317"
"Population Estimates (Persons in April)","2018","65 years and over","Female","Thousand","359.4"
"Population Estimates (Persons in April)","2018","70 - 74 years","Both sexes","Thousand","178.8"
"Population Estimates (Persons in April)","2018","70 - 74 years","Male","Thousand","87.8"
"Population Estimates (Persons in April)","2018","70 - 74 years","Female","Thousand","90.9"
"Population Estimates (Persons in April)","2018","75 - 79 years","Both sexes","Thousand","122.6"
"Population Estimates (Persons in April)","2018","75 - 79 years","Male","Thousand","57.9"
"Population Estimates (Persons in April)","2018","75 - 79 years","Female","Thousand","64.6"
"Population Estimates (Persons in April)","2018","80 - 84 years","Both sexes","Thousand","85.5"
"Population Estimates (Persons in April)","2018","80 - 84 years","Male","Thousand","37.7"
"Population Estimates (Persons in April)","2018","80 - 84 years","Female","Thousand","47.8"
"Population Estimates (Persons in April)","2018","85 years and over","Both sexes","Thousand","71.8"
"Population Estimates (Persons in April)","2018","85 years and over","Male","Thousand","25.8"
"Population Estimates (Persons in April)","2018","85 years and over","Female","Thousand","46"
"Population Estimates (Persons in April)","2018","All ages","Both sexes","Thousand","4884.9"
"Population Estimates (Persons in April)","2018","All ages","Male","Thousand","2419.5"
"Population Estimates (Persons in April)","2018","All ages","Female","Thousand","2465.4"
"Population Estimates (Persons in April)","2019","Under 1 year","Both sexes","Thousand","60.4"
"Population Estimates (Persons in April)","2019","Under 1 year","Male","Thousand","30.8"
"Population Estimates (Persons in April)","2019","Under 1 year","Female","Thousand","29.6"
"Population Estimates (Persons in April)","2019","0 - 4 years","Both sexes","Thousand","315"
"Population Estimates (Persons in April)","2019","0 - 4 years","Male","Thousand","161.3"
"Population Estimates (Persons in April)","2019","0 - 4 years","Female","Thousand","153.7"
"Population Estimates (Persons in April)","2019","0 - 14 years","Both sexes","Thousand","1015.5"
"Population Estimates (Persons in April)","2019","0 - 14 years","Male","Thousand","520.8"
"Population Estimates (Persons in April)","2019","0 - 14 years","Female","Thousand","494.7"
"Population Estimates (Persons in April)","2019","1 - 4 years","Both sexes","Thousand","254.6"
"Population Estimates (Persons in April)","2019","1 - 4 years","Male","Thousand","130.5"
"Population Estimates (Persons in April)","2019","1 - 4 years","Female","Thousand","124.1"
"Population Estimates (Persons in April)","2019","5 - 9 years","Both sexes","Thousand","355.9"
"Population Estimates (Persons in April)","2019","5 - 9 years","Male","Thousand","182.6"
"Population Estimates (Persons in April)","2019","5 - 9 years","Female","Thousand","173.3"
"Population Estimates (Persons in April)","2019","10 - 14 years","Both sexes","Thousand","344.7"
"Population Estimates (Persons in April)","2019","10 - 14 years","Male","Thousand","176.9"
"Population Estimates (Persons in April)","2019","10 - 14 years","Female","Thousand","167.7"
"Population Estimates (Persons in April)","2019","15 - 19 years","Both sexes","Thousand","322.1"
"Population Estimates (Persons in April)","2019","15 - 19 years","Male","Thousand","163.3"
"Population Estimates (Persons in April)","2019","15 - 19 years","Female","Thousand","158.7"
"Population Estimates (Persons in April)","2019","15 - 24 years","Both sexes","Thousand","623.8"
"Population Estimates (Persons in April)","2019","15 - 24 years","Male","Thousand","316.9"
"Population Estimates (Persons in April)","2019","15 - 24 years","Female","Thousand","306.9"
"Population Estimates (Persons in April)","2019","15 years and over","Both sexes","Thousand","3942.9"
"Population Estimates (Persons in April)","2019","15 years and over","Male","Thousand","1935.5"
"Population Estimates (Persons in April)","2019","15 years and over","Female","Thousand","2007.5"
"Population Estimates (Persons in April)","2019","20 - 24 years","Both sexes","Thousand","301.7"
"Population Estimates (Persons in April)","2019","20 - 24 years","Male","Thousand","153.6"
"Population Estimates (Persons in April)","2019","20 - 24 years","Female","Thousand","148.1"
"Population Estimates (Persons in April)","2019","25 - 29 years","Both sexes","Thousand","291.5"
"Population Estimates (Persons in April)","2019","25 - 29 years","Male","Thousand","146.5"
"Population Estimates (Persons in April)","2019","25 - 29 years","Female","Thousand","145"
"Population Estimates (Persons in April)","2019","25 - 44 years","Both sexes","Thousand","1406"
"Population Estimates (Persons in April)","2019","25 - 44 years","Male","Thousand","688.1"
"Population Estimates (Persons in April)","2019","25 - 44 years","Female","Thousand","717.9"
"Population Estimates (Persons in April)","2019","30 - 34 years","Both sexes","Thousand","333.7"
"Population Estimates (Persons in April)","2019","30 - 34 years","Male","Thousand","161.5"
"Population Estimates (Persons in April)","2019","30 - 34 years","Female","Thousand","172.2"
"Population Estimates (Persons in April)","2019","35 - 39 years","Both sexes","Thousand","399.6"
"Population Estimates (Persons in April)","2019","35 - 39 years","Male","Thousand","192.9"
"Population Estimates (Persons in April)","2019","35 - 39 years","Female","Thousand","206.6"
"Population Estimates (Persons in April)","2019","40 - 44 years","Both sexes","Thousand","381.2"
"Population Estimates (Persons in April)","2019","40 - 44 years","Male","Thousand","187.2"
"Population Estimates (Persons in April)","2019","40 - 44 years","Female","Thousand","194.1"
"Population Estimates (Persons in April)","2019","45 - 49 years","Both sexes","Thousand","354.4"
"Population Estimates (Persons in April)","2019","45 - 49 years","Male","Thousand","176.6"
"Population Estimates (Persons in April)","2019","45 - 49 years","Female","Thousand","177.8"
"Population Estimates (Persons in April)","2019","45 - 64 years","Both sexes","Thousand","1211.7"
"Population Estimates (Persons in April)","2019","45 - 64 years","Male","Thousand","601.4"
"Population Estimates (Persons in April)","2019","45 - 64 years","Female","Thousand","610.3"
"Population Estimates (Persons in April)","2019","50 - 54 years","Both sexes","Thousand","313.4"
"Population Estimates (Persons in April)","2019","50 - 54 years","Male","Thousand","156"
"Population Estimates (Persons in April)","2019","50 - 54 years","Female","Thousand","157.4"
"Population Estimates (Persons in April)","2019","55 - 59 years","Both sexes","Thousand","288.1"
"Population Estimates (Persons in April)","2019","55 - 59 years","Male","Thousand","142.1"
"Population Estimates (Persons in April)","2019","55 - 59 years","Female","Thousand","146"
"Population Estimates (Persons in April)","2019","60 - 64 years","Both sexes","Thousand","255.9"
"Population Estimates (Persons in April)","2019","60 - 64 years","Male","Thousand","126.8"
"Population Estimates (Persons in April)","2019","60 - 64 years","Female","Thousand","129.1"
"Population Estimates (Persons in April)","2019","65 - 69 years","Both sexes","Thousand","221.6"
"Population Estimates (Persons in April)","2019","65 - 69 years","Male","Thousand","109.5"
"Population Estimates (Persons in April)","2019","65 - 69 years","Female","Thousand","112.1"
"Population Estimates (Persons in April)","2019","65 years and over","Both sexes","Thousand","701.4"
"Population Estimates (Persons in April)","2019","65 years and over","Male","Thousand","329.1"
"Population Estimates (Persons in April)","2019","65 years and over","Female","Thousand","372.3"
"Population Estimates (Persons in April)","2019","70 - 74 years","Both sexes","Thousand","187.1"
"Population Estimates (Persons in April)","2019","70 - 74 years","Male","Thousand","91.3"
"Population Estimates (Persons in April)","2019","70 - 74 years","Female","Thousand","95.8"
"Population Estimates (Persons in April)","2019","75 - 79 years","Both sexes","Thousand","130.3"
"Population Estimates (Persons in April)","2019","75 - 79 years","Male","Thousand","61.9"
"Population Estimates (Persons in April)","2019","75 - 79 years","Female","Thousand","68.4"
"Population Estimates (Persons in April)","2019","80 - 84 years","Both sexes","Thousand","88.2"
"Population Estimates (Persons in April)","2019","80 - 84 years","Male","Thousand","39.1"
"Population Estimates (Persons in April)","2019","80 - 84 years","Female","Thousand","49.1"
"Population Estimates (Persons in April)","2019","85 years and over","Both sexes","Thousand","74.1"
"Population Estimates (Persons in April)","2019","85 years and over","Male","Thousand","27.2"
"Population Estimates (Persons in April)","2019","85 years and over","Female","Thousand","46.9"
"Population Estimates (Persons in April)","2019","All ages","Both sexes","Thousand","4958.5"
"Population Estimates (Persons in April)","2019","All ages","Male","Thousand","2456.3"
"Population Estimates (Persons in April)","2019","All ages","Female","Thousand","2502.2"
"Population Estimates (Persons in April)","2020","Under 1 year","Both sexes","Thousand","58.2"
"Population Estimates (Persons in April)","2020","Under 1 year","Male","Thousand","29.8"
"Population Estimates (Persons in April)","2020","Under 1 year","Female","Thousand","28.3"
"Population Estimates (Persons in April)","2020","0 - 4 years","Both sexes","Thousand","308.7"
"Population Estimates (Persons in April)","2020","0 - 4 years","Male","Thousand","158.8"
"Population Estimates (Persons in April)","2020","0 - 4 years","Female","Thousand","150"
"Population Estimates (Persons in April)","2020","0 - 14 years","Both sexes","Thousand","1013.7"
"Population Estimates (Persons in April)","2020","0 - 14 years","Male","Thousand","519.9"
"Population Estimates (Persons in April)","2020","0 - 14 years","Female","Thousand","493.7"
"Population Estimates (Persons in April)","2020","1 - 4 years","Both sexes","Thousand","250.5"
"Population Estimates (Persons in April)","2020","1 - 4 years","Male","Thousand","128.9"
"Population Estimates (Persons in April)","2020","1 - 4 years","Female","Thousand","121.6"
"Population Estimates (Persons in April)","2020","5 - 9 years","Both sexes","Thousand","350.2"
"Population Estimates (Persons in April)","2020","5 - 9 years","Male","Thousand","179.6"
"Population Estimates (Persons in April)","2020","5 - 9 years","Female","Thousand","170.6"
"Population Estimates (Persons in April)","2020","10 - 14 years","Both sexes","Thousand","354.7"
"Population Estimates (Persons in April)","2020","10 - 14 years","Male","Thousand","181.6"
"Population Estimates (Persons in April)","2020","10 - 14 years","Female","Thousand","173.2"
"Population Estimates (Persons in April)","2020","15 - 19 years","Both sexes","Thousand","327.4"
"Population Estimates (Persons in April)","2020","15 - 19 years","Male","Thousand","166.4"
"Population Estimates (Persons in April)","2020","15 - 19 years","Female","Thousand","161"
"Population Estimates (Persons in April)","2020","15 - 24 years","Both sexes","Thousand","637.9"
"Population Estimates (Persons in April)","2020","15 - 24 years","Male","Thousand","324.8"
"Population Estimates (Persons in April)","2020","15 - 24 years","Female","Thousand","313.1"
"Population Estimates (Persons in April)","2020","15 years and over","Both sexes","Thousand","4016.2"
"Population Estimates (Persons in April)","2020","15 years and over","Male","Thousand","1971.8"
"Population Estimates (Persons in April)","2020","15 years and over","Female","Thousand","2044.4"
"Population Estimates (Persons in April)","2020","20 - 24 years","Both sexes","Thousand","310.5"
"Population Estimates (Persons in April)","2020","20 - 24 years","Male","Thousand","158.4"
"Population Estimates (Persons in April)","2020","20 - 24 years","Female","Thousand","152.1"
"Population Estimates (Persons in April)","2020","25 - 29 years","Both sexes","Thousand","296.4"
"Population Estimates (Persons in April)","2020","25 - 29 years","Male","Thousand","148.1"
"Population Estimates (Persons in April)","2020","25 - 29 years","Female","Thousand","148.3"
"Population Estimates (Persons in April)","2020","25 - 44 years","Both sexes","Thousand","1412"
"Population Estimates (Persons in April)","2020","25 - 44 years","Male","Thousand","690.9"
"Population Estimates (Persons in April)","2020","25 - 44 years","Female","Thousand","721.1"
"Population Estimates (Persons in April)","2020","30 - 34 years","Both sexes","Thousand","331.6"
"Population Estimates (Persons in April)","2020","30 - 34 years","Male","Thousand","161.2"
"Population Estimates (Persons in April)","2020","30 - 34 years","Female","Thousand","170.3"
"Population Estimates (Persons in April)","2020","35 - 39 years","Both sexes","Thousand","389.8"
"Population Estimates (Persons in April)","2020","35 - 39 years","Male","Thousand","188.1"
"Population Estimates (Persons in April)","2020","35 - 39 years","Female","Thousand","201.7"
"Population Estimates (Persons in April)","2020","40 - 44 years","Both sexes","Thousand","394.3"
"Population Estimates (Persons in April)","2020","40 - 44 years","Male","Thousand","193.5"
"Population Estimates (Persons in April)","2020","40 - 44 years","Female","Thousand","200.8"
"Population Estimates (Persons in April)","2020","45 - 49 years","Both sexes","Thousand","362.6"
"Population Estimates (Persons in April)","2020","45 - 49 years","Male","Thousand","180.1"
"Population Estimates (Persons in April)","2020","45 - 49 years","Female","Thousand","182.6"
"Population Estimates (Persons in April)","2020","45 - 64 years","Both sexes","Thousand","1240.2"
"Population Estimates (Persons in April)","2020","45 - 64 years","Male","Thousand","614.2"
"Population Estimates (Persons in April)","2020","45 - 64 years","Female","Thousand","626"
"Population Estimates (Persons in April)","2020","50 - 54 years","Both sexes","Thousand","319.9"
"Population Estimates (Persons in April)","2020","50 - 54 years","Male","Thousand","159.4"
"Population Estimates (Persons in April)","2020","50 - 54 years","Female","Thousand","160.5"
"Population Estimates (Persons in April)","2020","55 - 59 years","Both sexes","Thousand","296"
"Population Estimates (Persons in April)","2020","55 - 59 years","Male","Thousand","145.8"
"Population Estimates (Persons in April)","2020","55 - 59 years","Female","Thousand","150.2"
"Population Estimates (Persons in April)","2020","60 - 64 years","Both sexes","Thousand","261.6"
"Population Estimates (Persons in April)","2020","60 - 64 years","Male","Thousand","128.9"
"Population Estimates (Persons in April)","2020","60 - 64 years","Female","Thousand","132.7"
"Population Estimates (Persons in April)","2020","65 - 69 years","Both sexes","Thousand","228.7"
"Population Estimates (Persons in April)","2020","65 - 69 years","Male","Thousand","113"
"Population Estimates (Persons in April)","2020","65 - 69 years","Female","Thousand","115.8"
"Population Estimates (Persons in April)","2020","65 years and over","Both sexes","Thousand","726.1"
"Population Estimates (Persons in April)","2020","65 years and over","Male","Thousand","341.9"
"Population Estimates (Persons in April)","2020","65 years and over","Female","Thousand","384.2"
"Population Estimates (Persons in April)","2020","70 - 74 years","Both sexes","Thousand","192.5"
"Population Estimates (Persons in April)","2020","70 - 74 years","Male","Thousand","94.3"
"Population Estimates (Persons in April)","2020","70 - 74 years","Female","Thousand","98.2"
"Population Estimates (Persons in April)","2020","75 - 79 years","Both sexes","Thousand","138.5"
"Population Estimates (Persons in April)","2020","75 - 79 years","Male","Thousand","65.9"
"Population Estimates (Persons in April)","2020","75 - 79 years","Female","Thousand","72.6"
"Population Estimates (Persons in April)","2020","80 - 84 years","Both sexes","Thousand","90.8"
"Population Estimates (Persons in April)","2020","80 - 84 years","Male","Thousand","40.7"
"Population Estimates (Persons in April)","2020","80 - 84 years","Female","Thousand","50.1"
"Population Estimates (Persons in April)","2020","85 years and over","Both sexes","Thousand","75.6"
"Population Estimates (Persons in April)","2020","85 years and over","Male","Thousand","28"
"Population Estimates (Persons in April)","2020","85 years and over","Female","Thousand","47.6"
"Population Estimates (Persons in April)","2020","All ages","Both sexes","Thousand","5029.9"
"Population Estimates (Persons in April)","2020","All ages","Male","Thousand","2491.8"
"Population Estimates (Persons in April)","2020","All ages","Female","Thousand","2538.1"
"Population Estimates (Persons in April)","2021","Under 1 year","Both sexes","Thousand","55.9"
"Population Estimates (Persons in April)","2021","Under 1 year","Male","Thousand","28.4"
"Population Estimates (Persons in April)","2021","Under 1 year","Female","Thousand","27.4"
"Population Estimates (Persons in April)","2021","0 - 4 years","Both sexes","Thousand","300.9"
"Population Estimates (Persons in April)","2021","0 - 4 years","Male","Thousand","154.1"
"Population Estimates (Persons in April)","2021","0 - 4 years","Female","Thousand","146.8"
"Population Estimates (Persons in April)","2021","0 - 14 years","Both sexes","Thousand","1007.6"
"Population Estimates (Persons in April)","2021","0 - 14 years","Male","Thousand","515.7"
"Population Estimates (Persons in April)","2021","0 - 14 years","Female","Thousand","491.9"
"Population Estimates (Persons in April)","2021","1 - 4 years","Both sexes","Thousand","245"
"Population Estimates (Persons in April)","2021","1 - 4 years","Male","Thousand","125.7"
"Population Estimates (Persons in April)","2021","1 - 4 years","Female","Thousand","119.3"
"Population Estimates (Persons in April)","2021","5 - 9 years","Both sexes","Thousand","342.7"
"Population Estimates (Persons in April)","2021","5 - 9 years","Male","Thousand","176"
"Population Estimates (Persons in April)","2021","5 - 9 years","Female","Thousand","166.7"
"Population Estimates (Persons in April)","2021","10 - 14 years","Both sexes","Thousand","364"
"Population Estimates (Persons in April)","2021","10 - 14 years","Male","Thousand","185.6"
"Population Estimates (Persons in April)","2021","10 - 14 years","Female","Thousand","178.5"
"Population Estimates (Persons in April)","2021","15 - 19 years","Both sexes","Thousand","329"
"Population Estimates (Persons in April)","2021","15 - 19 years","Male","Thousand","167.6"
"Population Estimates (Persons in April)","2021","15 - 19 years","Female","Thousand","161.4"
"Population Estimates (Persons in April)","2021","15 - 24 years","Both sexes","Thousand","640.4"
"Population Estimates (Persons in April)","2021","15 - 24 years","Male","Thousand","325.9"
"Population Estimates (Persons in April)","2021","15 - 24 years","Female","Thousand","314.4"
"Population Estimates (Persons in April)","2021","15 years and over","Both sexes","Thousand","4067.1"
"Population Estimates (Persons in April)","2021","15 years and over","Male","Thousand","1998.3"
"Population Estimates (Persons in April)","2021","15 years and over","Female","Thousand","2068.7"
"Population Estimates (Persons in April)","2021","20 - 24 years","Both sexes","Thousand","311.4"
"Population Estimates (Persons in April)","2021","20 - 24 years","Male","Thousand","158.3"
"Population Estimates (Persons in April)","2021","20 - 24 years","Female","Thousand","153.1"
"Population Estimates (Persons in April)","2021","25 - 29 years","Both sexes","Thousand","294.8"
"Population Estimates (Persons in April)","2021","25 - 29 years","Male","Thousand","147.5"
"Population Estimates (Persons in April)","2021","25 - 29 years","Female","Thousand","147.3"
"Population Estimates (Persons in April)","2021","25 - 44 years","Both sexes","Thousand","1411.9"
"Population Estimates (Persons in April)","2021","25 - 44 years","Male","Thousand","690.4"
"Population Estimates (Persons in April)","2021","25 - 44 years","Female","Thousand","721.6"
"Population Estimates (Persons in April)","2021","30 - 34 years","Both sexes","Thousand","330.5"
"Population Estimates (Persons in April)","2021","30 - 34 years","Male","Thousand","161"
"Population Estimates (Persons in April)","2021","30 - 34 years","Female","Thousand","169.4"
"Population Estimates (Persons in April)","2021","35 - 39 years","Both sexes","Thousand","383"
"Population Estimates (Persons in April)","2021","35 - 39 years","Male","Thousand","184.3"
"Population Estimates (Persons in April)","2021","35 - 39 years","Female","Thousand","198.7"
"Population Estimates (Persons in April)","2021","40 - 44 years","Both sexes","Thousand","403.6"
"Population Estimates (Persons in April)","2021","40 - 44 years","Male","Thousand","197.5"
"Population Estimates (Persons in April)","2021","40 - 44 years","Female","Thousand","206.1"
"Population Estimates (Persons in April)","2021","45 - 49 years","Both sexes","Thousand","368.2"
"Population Estimates (Persons in April)","2021","45 - 49 years","Male","Thousand","183.1"
"Population Estimates (Persons in April)","2021","45 - 49 years","Female","Thousand","185.1"
"Population Estimates (Persons in April)","2021","45 - 64 years","Both sexes","Thousand","1267.4"
"Population Estimates (Persons in April)","2021","45 - 64 years","Male","Thousand","629.6"
"Population Estimates (Persons in April)","2021","45 - 64 years","Female","Thousand","637.8"
"Population Estimates (Persons in April)","2021","50 - 54 years","Both sexes","Thousand","329.5"
"Population Estimates (Persons in April)","2021","50 - 54 years","Male","Thousand","164.8"
"Population Estimates (Persons in April)","2021","50 - 54 years","Female","Thousand","164.7"
"Population Estimates (Persons in April)","2021","55 - 59 years","Both sexes","Thousand","301.2"
"Population Estimates (Persons in April)","2021","55 - 59 years","Male","Thousand","149"
"Population Estimates (Persons in April)","2021","55 - 59 years","Female","Thousand","152.2"
"Population Estimates (Persons in April)","2021","60 - 64 years","Both sexes","Thousand","268.5"
"Population Estimates (Persons in April)","2021","60 - 64 years","Male","Thousand","132.7"
"Population Estimates (Persons in April)","2021","60 - 64 years","Female","Thousand","135.8"
"Population Estimates (Persons in April)","2021","65 - 69 years","Both sexes","Thousand","234.1"
"Population Estimates (Persons in April)","2021","65 - 69 years","Male","Thousand","115.5"
"Population Estimates (Persons in April)","2021","65 - 69 years","Female","Thousand","118.6"
"Population Estimates (Persons in April)","2021","65 years and over","Both sexes","Thousand","747.4"
"Population Estimates (Persons in April)","2021","65 years and over","Male","Thousand","352.5"
"Population Estimates (Persons in April)","2021","65 years and over","Female","Thousand","395"
"Population Estimates (Persons in April)","2021","70 - 74 years","Both sexes","Thousand","196.2"
"Population Estimates (Persons in April)","2021","70 - 74 years","Male","Thousand","96.5"
"Population Estimates (Persons in April)","2021","70 - 74 years","Female","Thousand","99.8"
"Population Estimates (Persons in April)","2021","75 - 79 years","Both sexes","Thousand","147.2"
"Population Estimates (Persons in April)","2021","75 - 79 years","Male","Thousand","70.4"
"Population Estimates (Persons in April)","2021","75 - 79 years","Female","Thousand","76.8"
"Population Estimates (Persons in April)","2021","80 - 84 years","Both sexes","Thousand","92.4"
"Population Estimates (Persons in April)","2021","80 - 84 years","Male","Thousand","41.6"
"Population Estimates (Persons in April)","2021","80 - 84 years","Female","Thousand","50.8"
"Population Estimates (Persons in April)","2021","85 years and over","Both sexes","Thousand","77.5"
"Population Estimates (Persons in April)","2021","85 years and over","Male","Thousand","28.6"
"Population Estimates (Persons in April)","2021","85 years and over","Female","Thousand","49"
"Population Estimates (Persons in April)","2021","All ages","Both sexes","Thousand","5074.7"
"Population Estimates (Persons in April)","2021","All ages","Male","Thousand","2514"
"Population Estimates (Persons in April)","2021","All ages","Female","Thousand","2560.6"
"Population Estimates (Persons in April)","2022","Under 1 year","Both sexes","Thousand","57.7"
"Population Estimates (Persons in April)","2022","Under 1 year","Male","Thousand","29.5"
"Population Estimates (Persons in April)","2022","Under 1 year","Female","Thousand","28.1"
"Population Estimates (Persons in April)","2022","0 - 4 years","Both sexes","Thousand","295.8"
"Population Estimates (Persons in April)","2022","0 - 4 years","Male","Thousand","151.6"
"Population Estimates (Persons in April)","2022","0 - 4 years","Female","Thousand","144.2"
"Population Estimates (Persons in April)","2022","0 - 14 years","Both sexes","Thousand","1014.3"
"Population Estimates (Persons in April)","2022","0 - 14 years","Male","Thousand","519"
"Population Estimates (Persons in April)","2022","0 - 14 years","Female","Thousand","495.3"
"Population Estimates (Persons in April)","2022","1 - 4 years","Both sexes","Thousand","238.2"
"Population Estimates (Persons in April)","2022","1 - 4 years","Male","Thousand","122"
"Population Estimates (Persons in April)","2022","1 - 4 years","Female","Thousand","116.1"
"Population Estimates (Persons in April)","2022","5 - 9 years","Both sexes","Thousand","343.6"
"Population Estimates (Persons in April)","2022","5 - 9 years","Male","Thousand","175.9"
"Population Estimates (Persons in April)","2022","5 - 9 years","Female","Thousand","167.7"
"Population Estimates (Persons in April)","2022","10 - 14 years","Both sexes","Thousand","374.9"
"Population Estimates (Persons in April)","2022","10 - 14 years","Male","Thousand","191.5"
"Population Estimates (Persons in April)","2022","10 - 14 years","Female","Thousand","183.4"
"Population Estimates (Persons in April)","2022","15 - 19 years","Both sexes","Thousand","337.8"
"Population Estimates (Persons in April)","2022","15 - 19 years","Male","Thousand","172.6"
"Population Estimates (Persons in April)","2022","15 - 19 years","Female","Thousand","165.1"
"Population Estimates (Persons in April)","2022","15 - 24 years","Both sexes","Thousand","649.7"
"Population Estimates (Persons in April)","2022","15 - 24 years","Male","Thousand","330.6"
"Population Estimates (Persons in April)","2022","15 - 24 years","Female","Thousand","319.1"
"Population Estimates (Persons in April)","2022","15 years and over","Both sexes","Thousand","4169.7"
"Population Estimates (Persons in April)","2022","15 years and over","Male","Thousand","2043"
"Population Estimates (Persons in April)","2022","15 years and over","Female","Thousand","2126.7"
"Population Estimates (Persons in April)","2022","20 - 24 years","Both sexes","Thousand","311.9"
"Population Estimates (Persons in April)","2022","20 - 24 years","Male","Thousand","158"
"Population Estimates (Persons in April)","2022","20 - 24 years","Female","Thousand","153.9"
"Population Estimates (Persons in April)","2022","25 - 29 years","Both sexes","Thousand","299.1"
"Population Estimates (Persons in April)","2022","25 - 29 years","Male","Thousand","149.1"
"Population Estimates (Persons in April)","2022","25 - 29 years","Female","Thousand","150"
"Population Estimates (Persons in April)","2022","25 - 44 years","Both sexes","Thousand","1434.2"
"Population Estimates (Persons in April)","2022","25 - 44 years","Male","Thousand","696.9"
"Population Estimates (Persons in April)","2022","25 - 44 years","Female","Thousand","737.3"
"Population Estimates (Persons in April)","2022","30 - 34 years","Both sexes","Thousand","334.5"
"Population Estimates (Persons in April)","2022","30 - 34 years","Male","Thousand","161.4"
"Population Estimates (Persons in April)","2022","30 - 34 years","Female","Thousand","173.1"
"Population Estimates (Persons in April)","2022","35 - 39 years","Both sexes","Thousand","385.8"
"Population Estimates (Persons in April)","2022","35 - 39 years","Male","Thousand","184.3"
"Population Estimates (Persons in April)","2022","35 - 39 years","Female","Thousand","201.5"
"Population Estimates (Persons in April)","2022","40 - 44 years","Both sexes","Thousand","414.7"
"Population Estimates (Persons in April)","2022","40 - 44 years","Male","Thousand","202.1"
"Population Estimates (Persons in April)","2022","40 - 44 years","Female","Thousand","212.7"
"Population Estimates (Persons in April)","2022","45 - 49 years","Both sexes","Thousand","376"
"Population Estimates (Persons in April)","2022","45 - 49 years","Male","Thousand","186.5"
"Population Estimates (Persons in April)","2022","45 - 49 years","Female","Thousand","189.5"
"Population Estimates (Persons in April)","2022","45 - 64 years","Both sexes","Thousand","1304.5"
"Population Estimates (Persons in April)","2022","45 - 64 years","Male","Thousand","647.2"
"Population Estimates (Persons in April)","2022","45 - 64 years","Female","Thousand","657.3"
"Population Estimates (Persons in April)","2022","50 - 54 years","Both sexes","Thousand","342.9"
"Population Estimates (Persons in April)","2022","50 - 54 years","Male","Thousand","171.4"
"Population Estimates (Persons in April)","2022","50 - 54 years","Female","Thousand","171.4"
"Population Estimates (Persons in April)","2022","55 - 59 years","Both sexes","Thousand","309.7"
"Population Estimates (Persons in April)","2022","55 - 59 years","Male","Thousand","153.2"
"Population Estimates (Persons in April)","2022","55 - 59 years","Female","Thousand","156.5"
"Population Estimates (Persons in April)","2022","60 - 64 years","Both sexes","Thousand","275.8"
"Population Estimates (Persons in April)","2022","60 - 64 years","Male","Thousand","136"
"Population Estimates (Persons in April)","2022","60 - 64 years","Female","Thousand","139.8"
"Population Estimates (Persons in April)","2022","65 - 69 years","Both sexes","Thousand","240.5"
"Population Estimates (Persons in April)","2022","65 - 69 years","Male","Thousand","118.6"
"Population Estimates (Persons in April)","2022","65 - 69 years","Female","Thousand","121.9"
"Population Estimates (Persons in April)","2022","65 years and over","Both sexes","Thousand","781.3"
"Population Estimates (Persons in April)","2022","65 years and over","Male","Thousand","368.2"
"Population Estimates (Persons in April)","2022","65 years and over","Female","Thousand","413.1"
"Population Estimates (Persons in April)","2022","70 - 74 years","Both sexes","Thousand","204.7"
"Population Estimates (Persons in April)","2022","70 - 74 years","Male","Thousand","100.2"
"Population Estimates (Persons in April)","2022","70 - 74 years","Female","Thousand","104.5"
"Population Estimates (Persons in April)","2022","75 - 79 years","Both sexes","Thousand","155"
"Population Estimates (Persons in April)","2022","75 - 79 years","Male","Thousand","74.1"
"Population Estimates (Persons in April)","2022","75 - 79 years","Female","Thousand","80.9"
"Population Estimates (Persons in April)","2022","80 - 84 years","Both sexes","Thousand","96.8"
"Population Estimates (Persons in April)","2022","80 - 84 years","Male","Thousand","43.7"
"Population Estimates (Persons in April)","2022","80 - 84 years","Female","Thousand","53"
"Population Estimates (Persons in April)","2022","85 years and over","Both sexes","Thousand","84.4"
"Population Estimates (Persons in April)","2022","85 years and over","Male","Thousand","31.6"
"Population Estimates (Persons in April)","2022","85 years and over","Female","Thousand","52.8"
"Population Estimates (Persons in April)","2022","All ages","Both sexes","Thousand","5184"
"Population Estimates (Persons in April)","2022","All ages","Male","Thousand","2562"
"Population Estimates (Persons in April)","2022","All ages","Female","Thousand","2622"
"Population Estimates (Persons in April)","2023","Under 1 year","Both sexes","Thousand","55.7"
"Population Estimates (Persons in April)","2023","Under 1 year","Male","Thousand","27.4"
"Population Estimates (Persons in April)","2023","Under 1 year","Female","Thousand","28.3"
"Population Estimates (Persons in April)","2023","0 - 4 years","Both sexes","Thousand","293.8"
"Population Estimates (Persons in April)","2023","0 - 4 years","Male","Thousand","149.2"
"Population Estimates (Persons in April)","2023","0 - 4 years","Female","Thousand","144.6"
"Population Estimates (Persons in April)","2023","0 - 14 years","Both sexes","Thousand","1011.6"
"Population Estimates (Persons in April)","2023","0 - 14 years","Male","Thousand","516.5"
"Population Estimates (Persons in April)","2023","0 - 14 years","Female","Thousand","495.1"
"Population Estimates (Persons in April)","2023","1 - 4 years","Both sexes","Thousand","238.1"
"Population Estimates (Persons in April)","2023","1 - 4 years","Male","Thousand","121.8"
"Population Estimates (Persons in April)","2023","1 - 4 years","Female","Thousand","116.3"
"Population Estimates (Persons in April)","2023","5 - 9 years","Both sexes","Thousand","338.6"
"Population Estimates (Persons in April)","2023","5 - 9 years","Male","Thousand","173.4"
"Population Estimates (Persons in April)","2023","5 - 9 years","Female","Thousand","165.2"
"Population Estimates (Persons in April)","2023","10 - 14 years","Both sexes","Thousand","379.2"
"Population Estimates (Persons in April)","2023","10 - 14 years","Male","Thousand","193.9"
"Population Estimates (Persons in April)","2023","10 - 14 years","Female","Thousand","185.3"
"Population Estimates (Persons in April)","2023","15 - 19 years","Both sexes","Thousand","349.5"
"Population Estimates (Persons in April)","2023","15 - 19 years","Male","Thousand","178.7"
"Population Estimates (Persons in April)","2023","15 - 19 years","Female","Thousand","170.7"
"Population Estimates (Persons in April)","2023","15 - 24 years","Both sexes","Thousand","667.2"
"Population Estimates (Persons in April)","2023","15 - 24 years","Male","Thousand","340"
"Population Estimates (Persons in April)","2023","15 - 24 years","Female","Thousand","327.2"
"Population Estimates (Persons in April)","2023","15 years and over","Both sexes","Thousand","4270"
"Population Estimates (Persons in April)","2023","15 years and over","Male","Thousand","2089.6"
"Population Estimates (Persons in April)","2023","15 years and over","Female","Thousand","2180.3"
"Population Estimates (Persons in April)","2023","20 - 24 years","Both sexes","Thousand","317.8"
"Population Estimates (Persons in April)","2023","20 - 24 years","Male","Thousand","161.3"
"Population Estimates (Persons in April)","2023","20 - 24 years","Female","Thousand","156.5"
"Population Estimates (Persons in April)","2023","25 - 29 years","Both sexes","Thousand","308.5"
"Population Estimates (Persons in April)","2023","25 - 29 years","Male","Thousand","154.7"
"Population Estimates (Persons in April)","2023","25 - 29 years","Female","Thousand","153.8"
"Population Estimates (Persons in April)","2023","25 - 44 years","Both sexes","Thousand","1457.7"
"Population Estimates (Persons in April)","2023","25 - 44 years","Male","Thousand","708.2"
"Population Estimates (Persons in April)","2023","25 - 44 years","Female","Thousand","749.6"
"Population Estimates (Persons in April)","2023","30 - 34 years","Both sexes","Thousand","337"
"Population Estimates (Persons in April)","2023","30 - 34 years","Male","Thousand","163.4"
"Population Estimates (Persons in April)","2023","30 - 34 years","Female","Thousand","173.6"
"Population Estimates (Persons in April)","2023","35 - 39 years","Both sexes","Thousand","384.5"
"Population Estimates (Persons in April)","2023","35 - 39 years","Male","Thousand","183.3"
"Population Estimates (Persons in April)","2023","35 - 39 years","Female","Thousand","201.2"
"Population Estimates (Persons in April)","2023","40 - 44 years","Both sexes","Thousand","427.7"
"Population Estimates (Persons in April)","2023","40 - 44 years","Male","Thousand","206.7"
"Population Estimates (Persons in April)","2023","40 - 44 years","Female","Thousand","221"
"Population Estimates (Persons in April)","2023","45 - 49 years","Both sexes","Thousand","382.7"
"Population Estimates (Persons in April)","2023","45 - 49 years","Male","Thousand","188.7"
"Population Estimates (Persons in April)","2023","45 - 49 years","Female","Thousand","194"
"Population Estimates (Persons in April)","2023","45 - 64 years","Both sexes","Thousand","1338.7"
"Population Estimates (Persons in April)","2023","45 - 64 years","Male","Thousand","661.5"
"Population Estimates (Persons in April)","2023","45 - 64 years","Female","Thousand","677.2"
"Population Estimates (Persons in April)","2023","50 - 54 years","Both sexes","Thousand","354.5"
"Population Estimates (Persons in April)","2023","50 - 54 years","Male","Thousand","176.4"
"Population Estimates (Persons in April)","2023","50 - 54 years","Female","Thousand","178"
"Population Estimates (Persons in April)","2023","55 - 59 years","Both sexes","Thousand","316.3"
"Population Estimates (Persons in April)","2023","55 - 59 years","Male","Thousand","156.1"
"Population Estimates (Persons in April)","2023","55 - 59 years","Female","Thousand","160.2"
"Population Estimates (Persons in April)","2023","60 - 64 years","Both sexes","Thousand","285.2"
"Population Estimates (Persons in April)","2023","60 - 64 years","Male","Thousand","140.3"
"Population Estimates (Persons in April)","2023","60 - 64 years","Female","Thousand","145"
"Population Estimates (Persons in April)","2023","65 - 69 years","Both sexes","Thousand","244.8"
"Population Estimates (Persons in April)","2023","65 - 69 years","Male","Thousand","120.2"
"Population Estimates (Persons in April)","2023","65 - 69 years","Female","Thousand","124.6"
"Population Estimates (Persons in April)","2023","65 years and over","Both sexes","Thousand","806.3"
"Population Estimates (Persons in April)","2023","65 years and over","Male","Thousand","379.9"
"Population Estimates (Persons in April)","2023","65 years and over","Female","Thousand","426.4"
"Population Estimates (Persons in April)","2023","70 - 74 years","Both sexes","Thousand","210.5"
"Population Estimates (Persons in April)","2023","70 - 74 years","Male","Thousand","102.6"
"Population Estimates (Persons in April)","2023","70 - 74 years","Female","Thousand","107.9"
"Population Estimates (Persons in April)","2023","75 - 79 years","Both sexes","Thousand","162.1"
"Population Estimates (Persons in April)","2023","75 - 79 years","Male","Thousand","77.8"
"Population Estimates (Persons in April)","2023","75 - 79 years","Female","Thousand","84.3"
"Population Estimates (Persons in April)","2023","80 - 84 years","Both sexes","Thousand","101.8"
"Population Estimates (Persons in April)","2023","80 - 84 years","Male","Thousand","46.1"
"Population Estimates (Persons in April)","2023","80 - 84 years","Female","Thousand","55.6"
"Population Estimates (Persons in April)","2023","85 years and over","Both sexes","Thousand","87.1"
"Population Estimates (Persons in April)","2023","85 years and over","Male","Thousand","33.1"
"Population Estimates (Persons in April)","2023","85 years and over","Female","Thousand","53.9"
"Population Estimates (Persons in April)","2023","All ages","Both sexes","Thousand","5281.6"
"Population Estimates (Persons in April)","2023","All ages","Male","Thousand","2606.2"
"Population Estimates (Persons in April)","2023","All ages","Female","Thousand","2675.4"
